000000000000000000000
001000000000001000000
001000000000001000000
001000000000001000000
001000000000001000000
001000000000001000000
001000000000001000000
001000000000001000000
001000000000001000000
001000000000001000000
001000000000001000000
001000000000001000000
001000000000001000000
001000000000001000000
001000000000001000000
001000000000001000000
000100000000010000000
000011111111100000001
000000000000000000000
000000000000000000000
00111111111111100000

000000000000000000000
000111111100011111110
000100000000010000000
000100000000010000000
000100000000010000000
000100000000010000000
000100000000010000000
000100000000010000000
000111111100011111110
000100000000010000000
000110000000011000000
000101000000010100000
000100100000010010000
000100010000010001000
000100001000010000100
000100000100010000010
000100000000010000000
000100000000010000000
000100000000010000000
000000000000000000000
00001111110000111111

000000000000000000001
000000000000000000000
000010000000000000001
000011000000000000000
000010100000000000000
000010010000000000000
000010001000000000000
000010000100000000000
000010000000000000001
000010000000000000001
000000000000000000000
000000000000000000000
000010000000000000001
000011000000000000000
000010100000000000000
000010010000000000000
000010001000000000000
000010000100000000000
000010000000000000001
000010000000000000001
10000000100100000000

000000000000000000000
001111111111111110001
000000000100000000001
000000000100000000001
000000000100000000001
000000000100000000001
000000000100000000001
000000000100000000001
000000000100000000001
000000000100000000001
000000000100000000001
000000000100000000001
000000000100000000001
000000000100000000001
000000000100000000001
000000000100000000001
000000000100000000001
000000000100000000001
000000000000000000000
000000000000000000000
00111111111111111000

000000000000000000000
000111111100000000001
000100000000000000001
000100000000000000001
000100000000000000001
000100000000000000001
000100000000000000001
000100000000000000001
000111111100000000001
000100000000000000001
000000000000000000000
000111111100000000001
000100000000000000001
000100000000000000001
000100000000000000001
000100000000000000001
000100000000000000001
000100000000000000001
000111111100000000001
000100000000000000001
00000000000000000000

000000000000000000000
000000000000000000000
000010000000001000000
000011000000001100000
000010100000001010000
000010010000001001000
000010001000001000100
000010000100001000010
000010000000001000000
000010000000001000000
000010000000001000000
000010000000001000000
000010000000001000000
000010000000001000000
000010000000001000000
000010000000001000000
000010000000001000000
000010000000001000000
000010000000001000000
000000000000000000000
00001111110000111111

000000000100000000001
000000001100000000000
000000010000000000001
000000110000000000000
000000100000000000001
000000100000000000001
000001100000000000000
000001000000000000001
000001000000000000001
000011000000000000000
000000000100000000001
000000001100000000000
000000010000000000001
000000110000000000000
000000100000000000001
000000100000000000001
000001100000000000000
000001000000000000001
000001000000000000001
000011000000000000000
00000000000000000000

000000000000000000000
000111111110000000000
000100000001000000000
000100000000100000000
000100000000010000000
000100000000100000000
000100000001000000000
000100000010000000000
000111111100000000001
000100000000000000001
000110000000000000000
000101000000000000000
000100100000000000000
000100010000000000000
000100001000000000000
000100000100000000000
000100000010000000000
000100000001000000000
000100000000100000000
000000000000000000000
00001111111111000000

000000000100000000001
000000001110000000001
000000010001000000000
000000110001100000000
000000100000100000000
000000100000100000000
000001100000110000000
000001000000010000000
000001000000010000000
000011000000011000000
000011111111111000001
000011111111111000001
000110000000001100000
000100000000000100000
000100000000000100000
000100000000000100000
001100000000000110000
001000000000000010000
001000000000000010000
001000000000000010000
00010000101000010000

111111111111111111110
000000000000000000001
111111111111111111110
000000000000000000000
111111111111111111110
000000000000000000000
111111111111111111110
000000000000000000000
111111111111111111110
000000000000000000000
111111111111111111111
000000000000000000000
111111111111111111110
000000000000000000001
111111111111111111110
000000000000000000000
111111111111111111110
000000000000000000000
111111111111111111110
000000000000000000000
10100000011000000000

111111101111111110110
111111101111111110110
111111101111111110110
111111101111111110110
111111101111111110111
111111101111111110110
111111101111111110110
111111101111111110110
111111101111111110111
111111111111111111110
111111101111111110110
111111101111111110110
111111101111101110111
111111101111111110110
111111101111111111111
111111101111111110110
111111101111111110110
111111101111111110110
111111101111111110110
111111111111111111110
00000000000001000100

000000000000000000000
001000000000100000000
001000000000100000000
001000000000100000000
001000000000100000000
001000000000100000000
001000000000100000000
001000000000100000000
001000000000100000000
001000000000100000000
000000000000000000000
001000000000100000000
001000000000100000000
001000000000100000000
001000000000100000000
001000000000100000000
001000000000100000000
001000000000100000000
001000000000100000000
001000000000100000000
00000000000000000000

000000000100000000010
000000001100000000110
000000010000000001000
000000110000000011000
000000100000000010000
000000100000000010000
000001100000000110000
000001000000000100000
000001000000000100000
000011000000001100000
000011111100001111110
000011111100001111110
000110000000011000000
000100000000010000000
000100000000010000000
000100000000010000000
001100000000110000000
001000000000100000000
001000000000100000000
001000000000100000000
00010000100001000010

010101010101010101011
010101010101010101010
010101010101010101010
010101010101010101010
010101010101010101010
010101010101010101010
010101010101010101010
010101010101010101010
010101010101010101010
010101010101010101010
010101010101010101010
010101010101010101010
010101010101010101010
010101010101010101010
010101010101010101010
010101010101010101010
010101010101010101010
010101010101010101010
010101010101010101010
010101010101010101010
00000000000000100000

000000000100000000001
000000001100000000000
000000010000000000001
000000110000000000000
000000100000000000001
000000100000000000001
000001100000000000000
000001000000000000001
000001000000000000001
000011000000000000000
000000000100000000001
000000001100000000000
000000010000000000001
000000110000000000000
000000100000000000001
000000100000000000001
000001100000000000000
000001000000000000001
000001000000000000001
000011000000000000000
00000000000000000000

000000000000000000000
001111111111111110001
000000000100000000001
000000000100000000001
000000000100000000001
000000000100000000001
000000000100000000001
000000000100000000001
000000000100000000001
000000000100000000001
000000000100000000001
000000000100000000001
000000000100000000001
000000000100000000001
000000000100000000001
000000000100000000001
000000000100000000001
000000000100000000001
000000000000000000000
000000000000000000000
00111111111111111000

000000000000000000000
000111111100011111110
000100000000010000000
000100000000010000000
000100000000010000000
000100000000010000000
000100000000010000000
000100000000010000000
000111111100011111110
000100000000010000000
000110000000011000000
000101000000010100000
000100100000010010000
000100010000010001000
000100001000010000100
000100000100010000010
000100000000010000000
000100000000010000000
000100000000010000000
000000000000000000000
00001111110000111111

000000000000000000000
001000000000001000000
001000000000001000000
001000000000001000000
001000000000001000000
001000000000001000000
001000000000001000000
001000000000001000000
001000000000001000000
001000000000001000000
001000000000001000000
001000000000001000000
001000000000001000000
001000000000001000000
001000000000001000000
001000000000001000000
000100000000010000000
000011111111100000001
000000000000000000000
000000000000000000000
00111111111111100000

001100111001000100001
011011001111010110010
000011010100000010111
100101000000111001011
000000011110101111100
110001101000100101011
111010001111110010001
110100001000101101000
111011110100100110010
001101100100111110110
010001010100100111011
011101000100011000111
011111010111101001000
110111011001111011001
000000101100100111001
011100001011001001101
001110111000101111010
010101001000001110100
001100000111010100111
111011100001001000011
10110010110001101010

000000000000000000000
000000000000000000000
000010000000000000001
000011000000000000000
000010100000000000000
000010010000000000000
000010001000000000000
000010000100000000000
000010000000000000001
000010000000000000001
000000000000000000000
000000000000000000000
000010000000000000001
000011000000000000000
000010100000000000000
000010010000000000000
000010001000000000000
000010000100000000000
000010000000000000001
000010000000000000001
00000000000000000000

000000000000000000000
001111111100111111110
000000000100000000010
000000000100000000010
000000000100000000010
000000000100000000010
000000000100000000010
000000000100000000010
000000000100000000010
000000000100000000010
000000000000000000000
001111111100111111110
000000000100000000010
000000000100000000010
000000000100000000010
000000000100000000010
000000000100000000010
000000000100000000010
000000000100000000010
000000000100000000010
00000000000000000000

000000000100000000001
000000001100000000000
000000010000000000001
000000110000000000000
000000100000000000001
000000100000000000001
000001100000000000000
000001000000000000001
000001000000000000001
000011000000000000000
000000000100000000001
000000001100000000000
000000010000000000001
000000110000000000000
000000100000000000001
000000100000000000001
000001100000000000000
000001000000000000001
000001000000000000001
000011000000000000000
00000000000000000000

000000000000000000000
111111111111111111110
000000000000000000000
111111111111111111110
000000000000000000000
111111111111111111110
000000000000000000000
111111111111111111110
000000000000000000000
111111111111111111110
000000000000000000000
111111111111111111110
000000000000000000000
111111111111111111110
000000000000000000000
111111111111111111110
000000000000000000000
111111111111111111110
000000000000000000000
111111111111111111110
00000000000000000000

000000000000000000000
111111111111111111110
000000000000000000000
111111111111111111110
000000000000000000000
111111111111111111110
000000000000000000000
111111111111111111110
000000000000000000000
111111111111111111110
000000000000000000000
111111111111111111110
000000000000000000000
111111111111111111110
000000000000000000000
111111111111111111110
000000000000000000000
111111111111111111110
000000000000000000000
111111111111111111110
00000000000000000000

000000000000000000000
111111111111111111110
000000000000000000000
111111111111111111110
000000000000000000000
111111111111111111110
000000000000000000000
111111111111111111110
000000000000000000000
111111111111111111110
000000000000000000000
111111111111111111110
000000000000000000000
111111111111111111110
000000000000000000000
111111111111111111110
000000000000000000000
111111111111111111110
000000000000000000000
111111111111111111110
00000000000000000000

111111111111111110111
111111111111111110111
111111111111111110111
111111111111111110111
111111111111111110111
111111111111111110111
111111111111111101111
100000000000000011111
111111111111111111110
111111111111111111110
111111111111111110111
111111111111111110111
111111111111111110111
111111111111111110111
111111111111111110111
111111111111111110111
111111111111111101111
100000000000000011111
111111111111111111110
111111111111111111110
00000000000010000000

000000000000000000000
001000000000100000000
001000000000100000000
001000000000100000000
001000000000100000000
001000000000100000000
001000000000100000000
001000000000100000000
001000000000100000000
001000000000100000000
001000000000100000000
001000000000100000000
001000000000100000000
001000000000100000000
001000000000100000000
001000000000100000000
000100000000010000000
000011111100001111110
000000000000000000000
000000000000000000000
00111111110011111111

000000000000000000000
001000000000000000001
001000000000000000001
001000000000000000001
001000000000000000001
001000000000000000001
001000000000000000001
001000000000000000001
001000000000000000001
001000000000000000001
000000000000000000000
001000000000000000001
001000000000000000001
001000000000000000001
001000000000000000001
001000000000000000001
001000000000000000001
001000000000000000001
001000000000000000001
001000000000000000001
00000000000000000000

101010101010101010100
101010101010101010101
101010101010101010100
101010101010101010100
101010101010101010100
101010101010101010100
101010101010101010100
101010101010101010100
101010101010101010100
101010101010101010100
101010101010101010100
101010101010101010100
101010101010101010100
101010101010101010100
101010101010101010100
101010101010101010100
101010101010101010100
101010101010101010100
101010101010101010100
101010101010101010100
00000001000000000000

000000000000000000000
001000000000100000000
001000000000100000000
001000000000100000000
001000000000100000000
001000000000100000000
001000000000100000000
001000000000100000000
001000000000100000000
001000000000100000000
000000000000000000000
001000000000100000000
001000000000100000000
001000000000100000000
001000000000100000000
001000000000100000000
001000000000100000000
001000000000100000000
001000000000100000000
001000000000100000000
00000000000000000000

000000000000000000000
000111111100011111110
000100000000010000000
000100000000010000000
000100000000010000000
000100000000010000000
000100000000010000000
000100000000010000000
000111111100011111110
000100000000010000000
000110000000011000000
000101000000010100000
000100100000010010000
000100010000010001000
000100001000010000100
000100000100010000010
000100000000010000000
000100000000010000000
000100000000010000000
000000000000000000000
00001111110000111111

000000000000000000000
000000000000000000000
000000000000000000000
000000000000000000000
000000000100000000010
000000111100000011110
000111100000011110000
001100000000110000000
010000000001000000000
110000000011000000000
000000000000000000000
000000000000000000000
000000000000000000000
000000000000000000000
100000000100000000011
000000111100000011110
000111100000011110000
001100000000110000000
010000000001000000000
110000000011000000000
10000000000000000000

000000000000000000000
000000000000000000000
000000000000000000000
000000000000000000000
111111110011111111000
000000100000000010000
000101000000000100001
000010000000001000000
000100000000010000000
001000000000100000000
000000000000000000000
000000010000000000001
000000000000000000000
000000000000000000000
000000000000000000001
000000000000000000000
000000000000000000000
000000000000000000000
000000000000000000000
000000000000000000000
11010000001100000100

000000000100000000010
000000001100000000110
000000010000000001000
000000110000000011000
000000100000000010000
000000100000000010000
000001100000000110000
000001000000000100000
000001000000000100000
000011000000001100000
000000000100000000010
000000001100000000110
000000010000000001000
000000110000000011000
000000100000000010000
000000100000000010000
000001100000000110000
000001000000000100000
000001000000000100000
000011000000001100000
00000000000000000000

000000000000000000000
000111111100000000001
000100000000000000001
000100000000000000001
000100000000000000001
000100000000000000001
000100000000000000001
000100000000000000001
000111111100000000001
000100000000000000001
000000000000000000000
000111111100000000001
000100000000000000001
000100000000000000001
000100000000000000001
000100000000000000001
000100000000000000001
000100000000000000001
000111111100000000001
000100000000000000001
00000000000000000000

000000000000000000000
111111111111111111110
000000000000000000000
111111111111111111110
000000000000000000000
111111111111111111110
000000000000000000000
111111111111111111110
000000000000000000000
111111111111111111110
000000000000000000000
111111111111111111110
000000000000000000000
111111111111111111110
000000000000000000000
111111111111111111110
000000000000000000000
111111111111111111110
000000000000000000000
111111111111111111110
00000000000000000000

000000000000000000000
000000000000000000000
000010000000001000000
000011000000011000000
000010100000101000000
000010010001001000000
000010001010001000000
000010000100001000001
000010000000001000000
000010000000001000000
000010000000001000000
000010000000001000000
000010000000001000000
000010000000001000000
000010000000001000000
000010000000001000000
000010000000001000000
000010000000001000000
000010000000001000000
000000000000000000000
00001111111111100000

000000000100000000001
000000001110000000001
000000010001000000000
000000110001100000000
000000100000100000000
000000100000100000000
000001100000110000000
000001000000010000000
000001000000010000000
000011000000011000000
000011111111111000001
000011111111111000001
000110000000001100000
000100000000000100000
000100000000000100000
000100000000000100000
001100000000000110000
001000000000000010000
001000000000000010000
001000000000000010000
00010000101000010000

000000000000000000000
001111111100000000000
000000000100000000001
000000000100000000001
000000000100000000001
000000000100000000001
000000000100000000001
000000000100000000001
000000000100000000001
000000000100000000001
000000000000000000000
001111111100000000000
000000000100000000001
000000000100000000001
000000000100000000001
000000000100000000001
000000000100000000001
000000000100000000001
000000000100000000001
000000000100000000001
00000000000000000000

000000000000000000000
001000000000100000000
001000000000100000000
001000000000100000000
001000000000100000000
001000000000100000000
001000000000100000000
001000000000100000000
001000000000100000000
001000000000100000000
001000000000100000000
001000000000100000000
001000000000100000000
001000000000100000000
001000000000100000000
001000000000100000000
000100000000010000000
000011111100001111110
000000000000000000000
000000000000000000000
00111111110011111111

000000000000000000000
111111111111111111110
000000000000000000000
111111111111111111110
000000000000000000000
111111111111111111110
000000000000000000000
111111111111111111110
000000000000000000000
111111111111111111110
000000000000000000000
111111111111111111110
000000000000000000000
111111111111111111110
000000000000000000000
111111111111111111110
000000000000000000000
111111111111111111110
000000000000000000000
111111111111111111110
00000000000000000000

000000000100000000001
000000001110000000001
000000010001000000000
000000110001100000000
000000100000100000000
000000100000100000000
000001100000110000000
000001000000010000000
000001000000010000000
000011000000011000000
000011111111111000001
000011111111111000001
000110000000001100000
000100000000000100000
000100000000000100000
000100000000000100000
001100000000000110000
001000000000000010000
001000000000000010000
001000000000000010000
00010000101000010000

000000000000000000000
001000000000001000000
001000000000001000000
001000000000001000000
001000000000001000000
001000000000001000000
001000000000001000000
001000000000001000000
001000000000001000000
001000000000001000000
001000000000001000000
001000000000001000000
001000000000001000000
001000000000001000000
001000000000001000000
001000000000001000000
000100000000010000000
000011111111100000001
000000000000000000000
000000000000000000000
00111111111111100000

000000000000000000000
000000000000000000000
000010000000001000000
000011000000011000000
000010100000101000000
000010010001001000000
000010001010001000000
000010000100001000001
000010000000001000000
000010000000001000000
000010000000001000000
000010000000001000000
000010000000001000000
000010000000001000000
000010000000001000000
000010000000001000000
000010000000001000000
000010000000001000000
000010000000001000000
000000000000000000000
00001111111111100000

000000000000000000000
000000000000000000000
000000000000000001001
000000000000000000000
100000000010000000000
111100000011110000000
000111100000011110000
000000110000000011000
000000001000000000100
000000001100000000110
000000000000000000000
000000000000000000000
000000000000000000000
000000000000000000000
100000000010000000000
111100000011110000000
000111100000011110000
000000110000000011000
000000001000000000100
000000001100000000110
00000000000000000100

000000000000000000000
000111111100011111110
000100000000010000000
000100000000010000000
000100000000010000000
000100000000010000000
000100000000010000000
000100000000010000000
000111111100011111110
000100000000010000000
000000000000000000000
000111111100011111110
000100000000010000000
000100000000010000000
000100000000010000000
000100000000010000000
000100000000010000000
000100000000010000000
000111111100011111110
000100000000010000000
00000000000000000000

000000000000000000000
000000000000000000000
000010000000001000000
000011000000001100000
000010100000001010000
000010010000001001000
000010001000001000100
000010000100001000010
000010000000001000000
000010000000001000000
000010000000001000000
000010000000001000000
000010000000001000000
000010000000001000000
000010000000001000000
000010000000001000000
000010000000001000000
000010000000001000000
000010000000001000000
000000000000000000000
00001111110000111111

000000000100000000001
000000001110000000001
000000010001000000000
000000110001100000000
000000100000100000000
000000100000100000000
000001100000110000000
000001000000010000000
000001000000010000000
000011000000011000000
000011111111111000001
000011111111111000001
000110000000001100000
000100000000000100000
000100000000000100000
000100000000000100000
001100000000000110000
001000000000000010000
001000000000000010000
001000000000000010000
00010000101000010000

000000000000000000000
001000000000000000001
001000000000000000001
001000000000000000001
001000000000000000001
001000000000000000001
001000000000000000001
001000000000000000001
001000000000000000001
001000000000000000001
000000000000000000000
001000000000000000001
001000000000000000001
001000000000000000001
001000000000000000001
001000000000000000001
001000000000000000001
001000000000000000001
001000000000000000001
001000000000000000001
00000000000000000000

011001000010000001111
000000111100100111000
111000010011101111100
010101110010011001100
111000011110000011111
011010101111000111111
111111100100010110001
100011010010010001001
000110110011111100100
110100010101100000100
110001111000110101101
111100001111100110100
111111001100011110000
000100010110010101111
010100010110110000001
001000100110000100111
000100101010100100000
010011111001100101000
100110100001001000000
000110100001101001010
10010111001000000110

000000000100000000010
000000001100000000110
000000010000000001000
000000110000000011000
000000100000000010000
000000100000000010000
000001100000000110000
000001000000000100000
000001000000000100000
000011000000001100000
000000000100000000010
000000001100000000110
000000010000000001000
000000110000000011000
000000100000000010000
000000100000000010000
000001100000000110000
000001000000000100000
000001000000000100000
000011000000001100000
00000000000000000000

000000000100000000010
000000001100000000110
000000010000000001000
000000110000000011000
000000100000000010000
000000100000000010000
000001100000000110000
000001000000000100000
000001000000000100000
000011000000001100000
000011111100001111110
000011111100001111110
000110000000011000000
000100000000010000000
000100000000010000000
000100000000010000000
001100000000110000000
001000000000100000000
001000000000100000000
001000000000100000000
00010000100001000010

000010000000001000000
000010000000001000000
000010000100001000010
000010001000001000100
000010010000001001000
000010100000001010001
000011000000001100000
000010000000001000000
000000000000000000000
000000000000000000000
000010000000001000000
000010000000001000000
000010000100001000010
000010001000001000100
000010010000001001001
000010100000001010000
000011000000001100000
000010000000001000000
000000000000000000000
000000000000000000000
00000000000000000000

000010000000000000001
000010000000000000001
000010000100000000000
000010001000000000000
000010110000000000001
000010100000000001001
000011000000000000001
000010000000000000001
000000000000000000000
000000000000000000000
000010000000000000000
000010000000000000001
000010000100000000000
000010001000000000000
000010010000000000000
000010100000000000000
000011000000000000000
000010000000000000001
000000000000000000000
000000000000000000000
00000000000000000000

000000000100000000001
000000001110000000001
000000010001000000000
000000110001100000000
000000100000100000000
000000100000100000000
000001100000110000000
000001000000010000000
000001000000010000000
000011000000011000000
000011111111111000001
000011111111111000001
000110000000001100000
000100000000000100000
000100000000000100000
000100000000000100000
001100000000000110000
001000000000000010000
001000000000000010000
001000000000000010000
00010000101000010000

000000000000000000000
000000000000000000000
000010000000001000000
000011000000001100000
000010100000001010000
000010010000001001000
000010001000001000100
000010000100001000010
000010000000001000000
000010000000001000000
000000000000000000000
000000000000000000000
000010000000001000000
000011000000001100000
000010100000001010000
000010010000001001000
000010001000001000100
000010000100001000010
000010000000001000000
000010000000001000000
00000000000000000000

000000000000000000000
111111111111111111110
000000000000000000000
111111111111111111110
000000000000000000000
111111111111111111110
000000000000000000000
111111111111111111110
000000000000000000000
111111111111111111110
000000000000000000000
111111111111111111110
000000000000000000000
111111111111111111110
000000000000000000000
111111111111111111110
000000000000000000000
111111111111111111110
000000000000000000000
111111111111111111110
00000000000000000000

000000000000000000000
000111111110000000000
000100000001000000000
000100000000100000000
000100000000010000000
000100000000100000000
000100000001000000000
000100000010000000000
000111111100000000001
000100000000000000001
000110000000000000000
000101000000000000000
000100100000000000000
000100010000000000000
000100001000000000000
000100000100000000000
000100000010000000000
000100000001000000000
000100000000100000000
000000000000000000000
00001111111111000000

000000000100000000001
000000001100000000000
000000010000000000001
000000110000000000000
000000100000000000001
000000100000000000001
000001100000000000000
000001000000000000001
000001000000000000001
000011000000000000000
000000000100000000001
000000001100000000000
000000010000000000001
000000110000000000000
000000100000000000001
000000100000000000001
000001100000000000000
000001000000000000001
000001000000000000001
000011000000000000000
00000000000000000000

000000000100000000001
000000001110000000001
000000010001000000000
000000110001100000000
000000100000100000000
000000100000100000000
000001100000110000000
000001000000010000000
000001000000010000000
000011000000011000000
000011111111111000001
000011111111111000001
000110000000001100000
000100000000000100000
000100000000000100000
000100000000000100000
001100000000000110000
001000000000000010000
001000000000000010000
001000000000000010000
00010000101000010000

000000000100000000001
000000001100000000000
000000010000000000001
000000110000000000000
000000100000000000001
000000100000000000001
000001100000000000000
000001000000000000001
000001000000000000001
000011000000000000000
000000000100000000001
000000001100000000000
000000010000000000001
000000110000000000000
000000100000000000001
000000100000000000001
000001100000000000000
000001000000000000001
000001000000000000001
000011000000000000000
00000000000000000000

000000000000000000000
000111111100011111110
000100000000010000000
000100000000010000000
000100000000010000000
000100000000010000000
000100000000010000000
000100000000010000000
000111111100011111110
000100000000010000000
000000000000000000000
000111111100011111110
000100000000010000000
000100000000010000000
000100000000010000000
000100000000010000000
000100000000010000000
000100000000010000000
000111111100011111110
000100000000010000000
00000000000000000000

000000000000000000000
001111111111111110001
000000000100000000001
000000000100000000001
000000000100000000001
000000000100000000001
000000000100000000001
000000000100000000001
000000000100000000001
000000000100000000001
000000000100000000001
000000000100000000001
000000000100000000001
000000000100000000001
000000000100000000001
000000000100000000001
000000000100000000001
000000000100000000001
000000000000000000000
000000000000000000000
00111111111111111000

000000000000000000000
000000000000000000000
000010000000001000000
000011000000011000000
000010100000101000000
000010010001001000000
000010001010001000000
000010000100001000001
000010000000001000000
000010000000001000000
000010000000001000000
000010000000001000000
000010000000001000000
000010000000001000000
000010000000001000000
000010000000001000000
000010000000001000000
000010000000001000000
000010000000001000000
000000000000000000000
00001111111111100000

000000000000000000000
001000000000001000000
001000000000001000000
001000000000001000000
001000000000001000000
001000000000001000000
001000000000001000000
001000000000001000000
001000000000001000000
001000000000001000000
001000000000001000000
001000000000001000000
001000000000001000000
001000000000001000000
001000000000001000000
001000000000001000000
000100000000010000000
000011111111100000001
000000000000000000000
000000000000000000000
00111111111111100000

000000000000000000000
000000000000000000000
000010000000001000000
000011000000001100000
000010100000001010000
000010010000001001000
000010001000001000100
000010000100001000010
000010000000001000000
000010000000001000000
000010000000001000000
000010000000001000000
000010000000001000000
000010000000001000000
000010000000001000000
000010000000001000000
000010000000001000000
000010000000001000000
000010000000001000000
000000000000000000000
00001111110000111111

000000000100000000001
000000001110000000001
000000010001000000000
000000110001100000000
000000100000100000000
000000100000100000000
000001100000110000000
000001000000010000000
000001000000010000000
000011000000011000000
000011111111111000001
000011111111111000001
000110000000001100000
000100000000000100000
000100000000000100000
000100000000000100000
001100000000000110000
001000000000000010000
001000000000000010000
001000000000000010000
00010000101000010000

111111111111111111110
111111111111111111110
101111111111111111111
101111111111111111111
101111111111111111111
101111111111111111111
101111111111111111111
101111111111111111111
101111111111111111111
100000000000000000111
111111111111111111110
111111111111111111110
101111111111111111111
101111111111111111111
101111111111111111111
101111111111111111111
101111111111111111111
101111111111111111111
101111111111111111111
100000000000000000111
00000000000000000000

000000000000000000000
000000000000000000000
000010000000000000001
000011000000000000000
000010100000000000000
000010010000000000000
000010001000000000000
000010000100000000000
000010000000000000001
000010000000000000001
000000000000000000000
000000000000000000000
000010000000000000001
000011000000000000000
000010100000000000000
000010010000000000000
000010001000000000000
000010000100000000000
000010000000000000001
000010000000000000001
00000000000000000000

000000000000000000000
000000000000000000000
000010000000001000000
000011000000001100000
000010100000001010000
000010010000001001000
000010001000001000100
000010000100001000010
000010000000001000000
000010000000001000000
000000000000000000000
000000000000000000000
000010000000001000000
000011000000001100000
000010100000001010000
000010010000001001000
000010001000001000100
000010000100001000010
000010000000001000000
000010000000001000000
00000000000000000000

000000000000000000000
001111111100111111110
000000000100000000010
000000000100000000010
000000000100000000010
000000000100000000010
000000000100000000010
000000000100000000010
000000000100000000010
000000000100000000010
000000000000000000000
001111111100111111110
000000000100000000010
000000000100000000010
000000000100000000010
000000000100000000010
000000000100000000010
000000000100000000010
000000000100000000010
000000000100000000010
00000000000000000000

001000000000000000001
001000000000000000001
001000000000000000001
001000000000000000001
001000000000000000001
001000000000000000001
001000000000000000001
001000000000000000001
001000000000000000001
000000000000000000000
001000000000000000001
001000010000000000000
001000000000000000001
001000000000000000001
001000000000000000001
001000000000000000001
001000000000000000001
001000000000000000001
001000000000000000001
000000000000000000000
10010001001001000001

000000000000000000000
000000000000000000000
000010000000000000001
000011000000000000000
000010100000000000000
000010010000000000000
000010001000000000000
000010000100000000000
000010000000000000001
000010000000000000001
000000000000000000000
000000000000000000000
000010000000000000001
000011000000000000000
000010100000000000000
000010010000000000000
000010001000000000000
000010000100000000000
000010000000000000001
000010000000000000001
00000000000000000000

000000000000000000000
000111111110000000000
000100000001000000000
000100000000100000000
000100000000010000000
000100000000100000000
000100000001000000000
000100000010000000000
000111111100000000001
000100000000000000001
000110000000000000000
000101000000000000000
000100100000000000000
000100010000000000000
000100001000000000000
000100000100000000000
000100000010000000000
000100000001000000000
000100000000100000000
000000000000000000000
00001111111111000000

000000000000000000000
000111111100000000001
000100000000000000001
000100000000000000001
000100000000000000001
000100000000000000001
000100000000000000001
000100000000000000001
000111111100000000001
000100000000000000001
000000000000000000000
000111111100000000001
000100000000000000001
000100000000000000001
000100000000000000001
000100000000000000001
000100000000000000001
000100000000000000001
000111111100000000001
000100000000000000001
00000000000000000000

000000000000000000000
000111111100011111110
000100000000010000000
000100000000010000000
000100000000010000000
000100000000010000000
000100000000010000000
000100000000010000000
000111111100011111110
000100000000010000000
000000000000000000000
000111111100011111110
000100000000010000000
000100000000010000000
000100000000010000000
000100000000010000000
000100000000010000000
000100000000010000000
000111111100011111110
000100000000010000000
00000000000000000000

000000000000000000000
000000000000000000000
000010000000001000000
000011000000001100000
000010100000001010000
000010010000001001000
000010001000001000100
000010000100001000010
000010000000001000000
000010000000001000000
000010000000001000000
000010000000001000000
000010000000001000000
000010000000001000000
000010000000001000000
000010000000001000000
000010000000001000000
000010000000001000000
000010000000001000000
000000000000000000000
00001111110000111111

000000000000000000000
000000000000000000000
000010000000001000000
000011000000001100000
000010100000001010000
000010010000001001000
000010001000001000100
000010000100001000010
000010000000001000000
000010000000001000000
000000000000000000000
000000000000000000000
000010000000001000000
000011000000001100000
000010100000001010000
000010010000001001000
000010001000001000100
000010000100001000010
000010000000001000000
000010000000001000000
00000000000000000000

000000000000000000000
000000000000000000000
000010000000000000001
000011000000000000000
000010100000000000000
000010010000000000000
000010001000000000000
000010000100000000000
000010000000000000001
000010000000000000001
000000000000000000000
000000000000000000000
000010000000000000001
000011000000000000000
000010100000000000000
000010010000000000000
000010001000000000000
000010000100000000000
000010000000000000001
000010000000000000001
00000000000000000000

000000000100000000010
000000001100000000110
000000010000000001000
000000110000000011000
000000100000000010000
000000100000000010000
000001100000000110000
000001000000000100000
000001000000000100000
000011000000001100000
000000000100000000010
000000001100000000110
000000010000000001000
000000110000000011000
000000100000000010000
000000100000000010000
000001100000000110000
000001000000000100000
000001000000000100000
000011000000001100000
00000000000000000000

000000000000000000000
000111111100011111110
000100000000010000000
000100000000010000000
000100000000010000000
000100000000010000000
000100000000010000000
000100000000010000000
000111111100011111110
000100000000010000000
000110000000011000000
000101000000010100000
000100100000010010000
000100010000010001000
000100001000010000100
000100000100010000010
000100000000010000000
000100000000010000000
000100000000010000000
000000000000000000000
00001111110000111111

000000000100000000001
000000001110000000001
000000010001000000000
000000110001100000000
000000100000100000000
000000100000100000000
000001100000110000000
000001000000010000000
000001000000010000000
000011000000011000000
000011111111111000001
000011111111111000001
000110000000001100000
000100000000000100000
000100000000000100000
000100000000000100000
001100000000000110000
001000000000000010000
001000000000000010000
001000000000000010000
00010000101000010000

000000000000000000000
111111111111111111110
000000000000000000000
111111111111111111110
000000000000000000000
111111111111111111110
000000000000000000000
111111111111111111110
000000000000000000000
111111111111111111110
000000000000000000000
111111111111111111110
000000000000000000000
111111111111111111110
000000000000000000000
111111111111111111110
000000000000000000000
111111111111111111110
000000000000000000000
111111111111111111110
00000000000000000000

000000000100000000010
000000001100000000110
000000010000000001000
000000110000000011000
000000100000000010000
000000100000000010000
000001100000000110000
000001000000000100000
000001000000000100000
000011000000001100000
000011111100001111110
000011111100001111110
000110000000011000000
000100000000010000000
000100000000010000000
000100000000010000000
001100000000110000000
001000000000100000000
001000000000100000000
001000000000100000000
00010000100001000010

000000000000000000000
111111111111111111110
000000000000000000000
111111111111111111110
000000000000000000000
111111111111111111110
000000000000000000000
111111111111111111110
000000000000000000000
111111111111111111110
000000000000000000000
111111111111111111110
000000000000000000000
111111111111111111110
000000000000000000000
111111111111111111110
000000000000000000000
111111111111111111110
000000000000000000000
111111111111111111110
00000000000000000000

111111111111111111110
111111111111111111110
111111100000000011111
111111011111111101110
111110111111111110110
111110111111111110110
111110111111111110110
111110111111111110110
111110111111111110110
111110111111111110110
111110111111111110110
111110111111111110110
111110111111111110110
111110111111111110110
111110111111111110110
110110111111111110111
111110111111111110110
111110111111111110011
111110111111111110110
111111111111111111110
00100111111111111110

000000000000000000000
000111111110000000000
000100000001000000000
000100000000100000000
000100000000010000000
000100000000100000000
000100000001000000000
000100000010000000000
000111111100000000001
000100000000000000001
000110000000000000000
000101000000000000000
000100100000000000000
000100010000000000000
000100001000000000000
000100000100000000000
000100000010000000000
000100000001000000000
000100000000100000000
000000000000000000000
00001111111111000000

000000000100000000010
000000001100000000110
000000010000000001000
000000110000000011000
000000100000000010000
000000100000000010000
000001100000000110000
000001000000000100000
000001000000000100000
000011000000001100000
000000000100000000010
000000001100000000110
000000010000000001000
000000110000000011000
000000100000000010000
000000100000000010000
000001100000000110000
000001000000000100000
000001000000000100000
000011000000001100000
00000000000000000000

000000000000000000000
001111111100000000000
000000000100000000001
000000000100000000001
000000000100000000001
000000000100000000001
000000000100000000001
000000000100000000001
000000000100000000001
000000000100000000001
000000000000000000000
001111111100000000000
000000000100000000001
000000000100000000001
000000000100000000001
000000000100000000001
000000000100000000001
000000000100000000001
000000000100000000001
000000000100000000001
00000000000000000000

110010000011000000001
010000000001000000000
001100000000110000000
000111100000011110000
000000111100000011110
000000000100000000010
000000000000000000000
000000000000000000000
000000000000000000000
000000000000000000000
110000000011000000000
010000000001000000000
001100000000110000000
000111100000011110000
000000111100000011110
000000000100000000010
000000000000000000000
000000000000000000000
000000000000000000000
000000000000000000000
01000001010000000000

000000000000000000000
000111111100011111110
000100000000010000000
000100000000010000000
000100000000010000000
000100000000010000000
000100000000010000000
000100000000010000000
000111111100011111110
000100000000010000000
000000000000000000000
000111111100011111110
000100000000010000000
000100000000010000000
000100000000010000000
000100000000010000000
000100000000010000000
000100000000010000000
000111111100011111110
000100000000010000000
00000000000000000000

000000000000000000000
000000000000000000000
000010000000001000000
000011000000001100000
000010100000001010000
000010010000001001000
000010001000001000100
000010000100001000010
000010000000001000000
000010000000001000000
000000000000000000000
000000000000000000000
000010000000001000000
000011000000001100000
000010100000001010000
000010010000001001000
000010001000001000100
000010000100001000010
000010000000001000000
000010000000001000000
00000000000000000000

000000000100000000010
000000001100000000110
000000010000000001000
000000110000000011000
000000100000000010000
000000100000000010000
000001100000000110000
000001000000000100000
000001000000000100000
000011000000001100000
000011111100001111110
000011111100001111110
000110000000011000000
000100000000010000000
000100000000010000000
000100000000010000000
001100000000110000000
001000000000100000000
001000000000100000000
001000000000100000000
00010000100001000010

000000000000000000000
001000000000001000000
001000000000001000000
001000000000001000000
001000000000001000000
001000000000001000000
001000000000001000000
001000000000001000000
001000000000001000000
001000000000001000000
001000000000001000000
001000000000001000000
001000000000001000000
001000000000001000000
001000000000001000000
001000000000001000000
000100000000010000000
000011111111100000001
000000000000000000000
000000000000000000000
00111111111111100000

000000000000000000000
111111111111111111110
000000000000000000000
111111111111111111110
000000000000000000000
111111111111111111110
000000000000000000000
111111111111111111110
000000000000000000000
111111111111111111110
000000000000000000000
111111111111111111110
000000000000000000000
111111111111111111110
000000000000000000000
111111111111111111110
000000000000000000000
111111111111111111110
000000000000000000000
111111111111111111110
00000000000000000000

000000000000000000000
111111111111111111110
000000000000000000000
111111111111111111110
000000000000000000000
111111111111111111110
000000000000000000000
111111111111111111110
000000000000000000000
111111111111111111110
000000000000000000000
111111111111111111110
000000000000000000000
111111111111111111110
000000000000000000000
111111111111111111110
000000000000000000000
111111111111111111110
000000000000000000000
111111111111111111110
00000000000000000000

000000000000000000000
000000000000000000000
000010000000001000000
000011000000001100000
000010100000001010000
000010010000001001000
000010001000001000100
000010000100001000010
000010000000001000000
000010000000001000000
000010000000001000000
000010000000001000000
000010000000001000000
000010000000001000000
000010000000001000000
000010000000001000000
000010000000001000000
000010000000001000000
000010000000001000000
000000000000000000000
00001111110000111111

000000000000000000000
000000000000000000000
000010000000000000001
000011000000000000000
000010100000000000000
000010010000000000000
000010001000000000000
000010000100000000000
000010000000000000001
000010000000000000001
000000000000000000000
000000000000000000000
000010000000000000001
000011000000000000000
000010100000000000000
000010010000000000000
000010001000000000000
000010000100000000000
000010000000000000001
000010000000000000001
00000000000000000000

000000000000000000000
111111111100000000000
000000000000000000000
111111111100000000000
000000000000000000000
111111111100000000000
000000000000000000000
111111111100000000000
000000000000000000000
111111111100000000000
000000000000000000000
111111111100000000000
000000000000000000000
111111111100000000000
000000000000000000000
111111111100000000000
000000000000000000000
111111111100000000000
000000000000000000000
111111111100000000000
00000000000000000000

000000000000000000000
001111111111111110001
000000000100000000001
000000000100000000001
000000000100000000001
000000000100000000001
000000000100000000001
000000000100000000001
000000000100000000001
000000000100000000001
000000000100000000001
000000000100000000001
000000000100000000001
000000000100000000001
000000000100000000001
000000000100000000001
000000000100000000001
000000000100000000001
000000000000000000000
000000000000000000000
00111111111111111000

000000000000000000000
000111111110000000000
000100000001000000000
000100000000100000000
000100000000010000000
000100000000100000000
000100000001000000000
000100000010000000000
000111111100000000001
000100000000000000001
000110000000000000000
000101000000000000000
000100100000000000000
000100010000000000000
000100001000000000000
000100000100000000000
000100000010000000000
000100000001000000000
000100000000100000000
000000000000000000000
00001111111111000000

000000000000000000000
001000000000001000000
001000000000001000000
001000000000001000000
001000000000001000000
001000000000001000000
001000000000001000000
001000000000001000000
001000000000001000000
001000000000001000000
001000000000001000000
001000000000001000000
001000000000001000000
001000000000001000000
001000000000001000000
001000000000001000000
000100000000010000000
000011111111100000001
000000000000000000000
000000000000000000000
00111111111111100000

000000000000000000000
001111111111111110001
000000000100000000001
000000000100000000001
000000000100000000001
000000000100000000001
000000000100000000001
000000000100000000001
000000000100000000001
000000000100000000001
000000000100000000001
000000000100000000001
000000000100000000001
000000000100000000001
000000000100000000001
000000000100000000001
000000000100000000001
000000000100000000001
000000000000000000000
000000000000000000000
00111111111111111000

000000000000000000000
001111111100111111110
000000000100000000010
000000000100000000010
000000000100000000010
000000000100000000010
000000000100000000010
000000000100000000010
000000000100000000010
000000000100000000010
000000000100000000010
000000000100000000010
000000000100000000010
000000000100000000010
000000000100000000010
000000000100000000010
000000000100000000010
000000000100000000010
000000000000000000000
000000000000000000000
00111111110011111111

000000000100000000010
000000001100000000110
000000010000000001000
000000110000000011000
000000100000000010000
000000100000000010000
000001100000000110000
000001000000000100000
000001000000000100000
000011000000001100000
000011111100001111110
000011111100001111110
000110000000011000000
000100000000010000000
000100000000010000000
000100000000010000000
001100000000110000000
001000000000100000000
001000000000100000000
001000000000100000000
00010000100001000010

000000000000000000000
001000000000100000000
001000000000100000000
001000000000100000000
001000000000100000000
001000000000100000000
001000000000100000000
001000000000100000000
001000000000100000000
001000000000100000000
000000000000000000000
001000000000100000000
001000000000100000000
001000000000100000000
001000000000100000000
001000000000100000000
001000000000100000000
001000000000100000000
001000000000100000000
001000000000100000000
00000000000000000000

000000000000000000000
111111111111111111110
000000000000000000000
111111111111111111110
000000000000000000000
111111111111111111110
000000000000000000000
111111111111111111110
000000000000000000000
111111111111111111110
000000000000000000000
111111111111111111110
000000000000000000000
111111111111111111110
000000000000000000000
111111111111111111110
000000000000000000000
111111111111111111110
000000000000000000000
111111111111111111110
00000000000000000000

000000000000000000000
001111111100111111110
000000000100000000010
000000000100000000010
000000000100000000010
000000000100000000010
000000000100000000010
000000000100000000010
000000000100000000010
000000000100000000010
000000000000000000000
001111111100111111110
000000000100000000010
000000000100000000010
000000000100000000010
000000000100000000010
000000000100000000010
000000000100000000010
000000000100000000010
000000000100000000010
00000000000000000000

000000000000000000000
001111111100111111110
000000000100000000010
000000000100000000010
000000000100000000010
000000000100000000010
000000000100000000010
000000000100000000010
000000000100000000010
000000000100000000010
000000000000000000000
001111111100111111110
000000000100000000010
000000000100000000010
000000000100000000010
000000000100000000010
000000000100000000010
000000000100000000010
000000000100000000010
000000000100000000010
00000000000000000000

000000000100000000010
000000001100000000110
000000010000000001000
000000110000000011000
000000100000000010000
000000100000000010000
000001100000000110000
000001000000000100000
000001000000000100000
000011000000001100000
000011111100001111110
000011111100001111110
000110000000011000000
000100000000010000000
000100000000010000000
000100000000010000000
001100000000110000000
001000000000100000000
001000000000100000000
001000000000100000000
00010000100001000010

100110011001100100101
001000111010101101111
000010111101110001010
110100110100000101000
111001011010011001110
010011001001100110011
111010110011010101100
100001010111110011101
111101011100011100111
001001001100100100101
010010010010001100110
110001011000000000001
100001001111001010011
001100100000101010110
001101010010111010111
101010001100000011001
010011010001101101000
000111001110010000001
001111110011100110100
101101000110101001010
00001111110011101110

000000000000000000000
000111111100011111110
000100000000010000000
000100000000010000000
000100000000010000000
000100000000010000000
000100000000010000000
000100000000010000000
000111111100011111110
000100000000010000000
000000000000000000000
000111111100011111110
000100000000010000000
000100000000010000000
000100000000010000000
000100000000010000000
000100000000010000000
000100000000010000000
000111111100011111110
000100000000010000000
00000000000000000000

000000000000000000000
001111111100111111110
000000000100000000010
000000000100000000010
000000000100000000010
000000000100000000010
000000000100000000010
000000000100000000010
000000000100000000010
000000000100000000010
000000000100000000010
000000000100000000010
000000000100000000010
000000000100000000010
000000000100000000010
000000000100000000010
000000000100000000010
000000000100000000010
000000000000000000000
000000000000000000000
00111111110011111111

000000000000000000000
001000000000100000000
001000000000100000000
001000000000100000000
001000000000100000000
001000000000100000000
001000000000100000000
001000000000100000000
001000000000100000000
001000000000100000000
001000000000100000000
001000000000100000000
001000000000100000000
001000000000100000000
001000000000100000000
001000000000100000000
000100000000010000000
000011111100001111110
000000000000000000000
000000000000000000000
00111111110011111111

000000000000000000000
000000000000000000000
000000000000000001001
000000000000000000000
000000000100000000010
000000111100000011110
000111100000011110000
001100000000110000000
010000000001000000000
110000000011000000000
000000000000000000000
000000000000000000000
000000000000000000000
000000000000000000000
000000000000000000000
000000000000000000000
000000000000000000000
000000000000000000000
000000000000000000000
000000000000000000000
10101101101011110010

000000000000000000000
000000000010111111111
000000000000000000000
000000000011111111110
000000000000000000000
000000000011111111110
000000000000000000000
000000000011111111110
000000000000000000000
000000000011111111110
000000000000000000000
000000000011111111110
000000000000000000000
000000000011111111110
000000000000000000000
000000000011111111110
000000000000000000000
000000000111111111111
000000000000000000000
000000000011111111110
00000000010110000000

000000000000000000000
001111111100111111110
000000000100000000010
000000000100000000010
000000000100000000010
000000000100000000010
000000000100000000010
000000000100000000010
000000000100000000010
000000000100000000010
000000000100000000010
000000000100000000010
000000000100000000010
000000000100000000010
000000000100000000010
000000000100000000010
000000000100000000010
000000000100000000010
000000000000000000000
000000000000000000000
00111111110011111111

000000000000000000000
111111111111111111110
000000000000000000000
111111111111111111110
000000000000000000000
111111111111111111110
000000000000000000000
111111111111111111110
000000000000000000000
111111111111111111110
000000000000000000000
111111111111111111110
000000000000000000000
111111111111111111110
000000000000000000000
111111111111111111110
000000000000000000000
111111111111111111110
000000000000000000000
111111111111111111110
00000000000000000000

000000000000000000000
111111111100000000000
000000000000000000000
111111111100000000000
000000000000000000000
111111111100000000000
000000000000000000000
111111111100000000000
000000000000000000000
111111111100000000000
000000000000000000000
111111111100000000000
000000000000000000000
111111111100000000000
000000000000000000000
111111111100000000000
000000000000000000000
111111111100000000000
000000000000000000000
111111111100000000000
00000000000000000000

000000000000000000000
111111111100000000000
000000000000000000000
111111111100000000000
000000000000000000000
111111111100000000000
000000000000000000000
111111111100000000000
000000000000000000000
111111111100000000000
000000000000000000000
111111111100000000000
000000000000000000000
111111111100000000000
000000000000000000000
111111111100000000000
000000000000000000000
111111111100000000000
000000000000000000000
111111111100000000000
00000000000000000000

000000000000000000000
111111111111111111110
000000000000000000000
111111111111111111110
000000000000000000000
111111111111111111110
000000000000000000000
111111111111111111110
000000000000000000000
111111111111111111110
000000000000000000000
111111111111111111110
000000000000000000000
111111111111111111110
000000000000000000000
111111111111111111110
000000000000000000000
111111111111111111110
000000000000000000000
111111111111111111110
00000000000000000000

000000000000000000000
111111111111111111110
000000000000000000000
111111111111111111110
000000000000000000000
111111111111111111110
000000000000000000000
111111111111111111110
000000000000000000000
111111111111111111110
000000000000000000000
111111111111111111110
000000000000000000000
111111111111111111110
000000000000000000000
111111111111111111110
000000000000000000000
111111111111111111110
000000000000000000000
111111111111111111110
00000000000000000000

000000000000000000000
001111111100111111110
000000000100000000010
000000000100000000010
000000000100000000010
000000000100000000010
000000000100000000010
000000000100000000010
000000000100000000010
000000000100000000010
000000000000000000000
001111111100111111110
000000000100000000010
000000000100000000010
000000000100000000010
000000000100000000010
000000000100000000010
000000000100000000010
000000000100000000010
000000000100000000010
00000000000000000000

111111111111111111110
000000001100000000110
011111111101111101111
011111111101111111110
011111111101111111110
011111111101111111110
011111111101111111110
011111111101111111110
011111111101111110111
011111111101111111110
011111111101111111110
011111111101111111110
011111111101111111110
011111111101111111110
011111111101111111110
011111111101111111110
011111111101111111110
011111111101111111110
111111111111111111110
111111111111111111110
11111111001111110000

000000010000000001000
000000010000000001000
000000010000000001001
000000010000000001000
000000010000000001000
000000010000000001000
000000010000000001000
000000010000000001001
000000010000000001001
000000000000000000000
000000010000000001000
000000010000000001000
000000010000010001001
000000010000000001000
000000010000000001000
000000010000000001000
000000010000000001000
000000010000000001000
000000010000000001000
000000000000000000000
10000010000001000101

000000000000000000000
001111111111111110001
000000000100000000001
000000000100000000001
000000000100000000001
000000000100000000001
000000000100000000001
000000000100000000001
000000000100000000001
000000000100000000001
000000000100000000001
000000000100000000001
000000000100000000001
000000000100000000001
000000000100000000001
000000000100000000001
000000000100000000001
000000000100000000001
000000000000000000000
000000000000000000000
00111111111111111000

000000000000000000000
000111111100011111110
000100000000010000000
000100000000010000000
000100000000010000000
000100000000010000000
000100000000010000000
000100000000010000000
000111111100011111110
000100000000010000000
000110000000011000000
000101000000010100000
000100100000010010000
000100010000010001000
000100001000010000100
000100000100010000010
000100000000010000000
000100000000010000000
000100000000010000000
000000000000000000000
00001111110000111111

000000000000000000000
000111111100000000001
000100000000000000001
000100000000000000001
000100000000000000001
000100000000000000001
000100000000000000001
000100000000000000001
000111111100000000001
000100000000000000001
000000000000000000000
000111111100000000001
000100000000000000001
000100000000000000001
000100000000000000001
000100000000000000001
000100000000000000001
000100000000000000001
000111111100000000001
000100000000000000001
00000000000000000000

000000000000000000000
000000000000000000000
011111111111111100001
000000000000000010001
000000000000000001001
000000000000000001001
000000000000000001001
000000010000000001000
000000000000000001001
000000000000000001001
000000000000000000000
000000000000000000000
011111111111111100001
000000000000000010001
000000000000000001001
000000000000000001001
000000000000000001001
000000000000000001001
000000000000000001001
000000000000000001001
00000001000001000000

000000000000000000000
111111111111111111110
000000000000000000000
111111111111111111110
000000000000000000000
111111111111111111110
000000000000000000000
111111111111111111110
000000000000000000000
111111111111111111110
000000000000000000000
111111111111111111110
000000000000000000000
111111111111111111110
000000000000000000000
111111111111111111110
000000000000000000000
111111111111111111110
000000000000000000000
111111111111111111110
00000000000000000000

100100011110111001101
100100000001100111010
000111001101110011110
011001110111111001110
110011111100110100100
000111011010011011110
001101001001101010101
010100101000100000111
100101000000110100110
100101110001001011101
011101101110111010011
001111000011110101011
010001110111101010011
101001011011010011101
010101110000101011001
010110011101100100001
001110011111010000100
011000000010000001110
111110000100100110001
011001111010100110011
10101111110010011001

000000000000000000000
001000000000001000000
001000000000001000000
001000000000001000000
001000000000001000000
001000000000001000000
001000000000001000000
001000000000001000000
001000000000001000000
001000000000001000000
001000000000001000000
001000000000001000000
001000000000001000000
001000000000001000000
001000000000001000000
001000000000001000000
000100000000010000000
000011111111100000001
000000000000000000000
000000000000000000000
00111111111111100000

000000000100000000010
000000001100000000110
000000010000000001000
000000110000000011000
000000100000000010000
000000100000000010000
000001100000000110000
000001000000000100000
000001000000000100000
000011000000001100000
000011111100001111110
000011111100001111110
000110000000011000000
000100000000010000000
000100000000010000000
000100000000010000000
001100000000110000000
001000000000100000000
001000000000100000000
001000000000100000000
00010000100001000010

000000000100000000010
000000001100000000110
000000010000000001000
000000110000000011000
000000100000000010000
000000100000000010000
000001100000000110000
000001000000000100000
000001000000000100000
000011000000001100000
000011111100001111110
000011111100001111110
000110000000011000000
000100000000010000000
000100000000010000000
000100000000010000000
001100000000110000000
001000000000100000000
001000000000100000000
001000000000100000000
00010000100001000010

000000000000000000000
111111111111111111110
000000000000000000000
111111111111111111110
000000000000000000000
111111111111111111110
000000000000000000000
111111111111111111110
000000000000000000000
111111111111111111110
000000000000000000000
111111111111111111110
000000000000000000000
111111111111111111110
000000000000000000000
111111111111111111110
000000000000000000000
111111111111111111110
000000000000000000000
111111111111111111110
00000000000000000000

000000000000000000000
001111111111111110001
000000000100000000001
000000000100000000001
000000000100000000001
000000000100000000001
000000000100000000001
000000000100000000001
000000000100000000001
000000000100000000001
000000000100000000001
000000000100000000001
000000000100000000001
000000000100000000001
000000000100000000001
000000000100000000001
000000000100000000001
000000000100000000001
000000000000000000000
000000000000000000000
00111111111111111000

000000000000000000000
001000000000100000000
001000000000100000000
001000000000100000000
001000000000100000000
001000000000100000000
001000000000100000000
001000000000100000000
001000000000100000000
001000000000100000000
000000000000000000000
001000000000100000000
001000000000100000000
001000000000100000000
001000000000100000000
001000000000100000000
001000000000100000000
001000000000100000000
001000000000100000000
001000000000100000000
00000000000000000000

000000000000000000000
001000000000000000001
001000000000000000001
001000000000000000001
001000000000000000001
001000000000000000001
001000000000000000001
001000000000000000001
001000000000000000001
001000000000000000001
000000000000000000000
001000000000000000001
001000000000000000001
001000000000000000001
001000000000000000001
001000000000000000001
001000000000000000001
001000000000000000001
001000000000000000001
001000000000000000001
00000000000000000000

000000000000000000000
000000000000000000000
000010000000001000000
000011000000001100000
000010100000001010000
000010010000001001000
000010001000001000100
000010000100001000010
000010000000001000000
000010000000001000000
000010000000001000000
000010000000001000000
000010000000001000000
000010000000001000000
000010000000001000000
000010000000001000000
000010000000001000000
000010000000001000000
000010000000001000000
000000000000000000000
00001111110000111111

000000000000000000000
001111111100111111110
000000000100000000010
000000000100000000010
000000000100000000010
000000000100000000010
000000000100000000010
000000000100000000010
000000000100000000010
000000000100000000010
000000000100000000010
000000000100000000010
000000000100000000010
000000000100000000010
000000000100000000010
000000000100000000010
000000000100000000010
000000000100000000010
000000000000000000000
000000000000000000000
00111111110011111111

000000000000000000000
111111111100000000000
000000000000000000000
111111111100000000000
000000000000000000000
111111111100000000000
000000000000000000000
111111111100000000000
000000000000000000000
111111111100000000000
000000000000000000000
111111111100000000000
000000000000000000000
111111111100000000000
000000000000000000000
111111111100000000000
000000000000000000000
111111111100000000000
000000000000000000000
111111111100000000000
00000000000000000000

101010101010101010100
101010101010101010100
101010101010101010100
101010101010101010100
101010101010101010100
101010101010101010100
101010101010101010100
101010101010101010100
101010101010101010100
101010101010101010100
101010101010101010100
101010101010101010100
101010101010101010100
101010101010101010100
101010101010101010100
101010101010101010100
101010101010101010100
101010101010101010100
101010101010101010101
101010101010101110101
00001000000010000100

001000000000000000001
001000000000000000001
001000000000000000001
001000000000000000001
001000000000000000001
001000000000000000001
001000000000000000000
001000000000000000001
001000000000000000001
000000000000000000000
001000000000000000001
001000000000000000001
001000000000000000001
001000000000000000001
001000000000000000001
001000000000000000001
001000000000000000001
001000000000000000001
001000000000000000001
000000000000000000000
00000000000000100000

000000000000000000000
000000000000000000000
000010000000000000001
000011000000000000000
000010100000000000000
000010010000000000000
000010001000000000000
000010000100000000000
000010000000000000001
000010000000000000001
000000000000000000000
000000000000000000000
000010000000000000001
000011000000000000000
000010100000000000000
000010010000000000000
000010001000000000000
000010000100000000000
000010000000000000001
000010000000000000001
00000000000000000000

000000000000000000000
000000000000000000000
000010000000001000000
000011000000001100000
000010100000001010000
000010010000001001000
000010001000001000100
000010000100001000010
000010000000001000000
000010000000001000000
000000000000000000000
000000000000000000000
000010000000001000000
000011000000001100000
000010100000001010000
000010010000001001000
000010001000001000100
000010000100001000010
000010000000001000000
000010000000001000000
00000000000000000000

000000000000000000000
111111110011111111000
100000000010000000000
100000000010000000000
100000000010000000000
100000000010000000000
100000000010000000000
100000000010000000000
100000000010000000000
100000000010000000000
000000000000000000000
111111110011111111000
100000000010000000000
100000000010000000000
100000000010000000000
100000000010000000000
100000000010000000000
100000000010000000000
100000000010000000000
100000000010000000000
00010000000000000010

000000000100000000001
000000001100000000000
000000010000000000001
000000110000000000000
000000100000000000001
000000100000000000001
000001100000000000000
000001000000000000001
000001000000000000001
000011000000000000000
000000000100000000001
000000001100000000000
000000010000000000001
000000110000000000000
000000100000000000001
000000100000000000001
000001100000000000000
000001000000000000001
000001000000000000001
000011000000000000000
00000000000000000000

000000000000000000000
001000000000100000000
001000000000100000000
001000000000100000000
001000000000100000000
001000000000100000000
001000000000100000000
001000000000100000000
001000000000100000000
001000000000100000000
000000000000000000000
001000000000100000000
001000000000100000000
001000000000100000000
001000000000100000000
001000000000100000000
001000000000100000000
001000000000100000000
001000000000100000000
001000000000100000000
00000000000000000000

000000000000000000000
000111111100000000001
000100000000000000001
000100000000000000001
000100000000000000001
000100000000000000001
000100000000000000001
000100000000000000001
000111111100000000001
000100000000000000001
000000000000000000000
000111111100000000001
000100000000000000001
000100000000000000001
000100000000000000001
000100000000000000001
000100000000000000001
000100000000000000001
000111111100000000001
000100000000000000001
00000000000000000000

000000000000000000000
000000000000000000000
000010000000000000001
000011000000000000000
000010100000000000000
000010010000000000000
000010001000000000000
000010000100000000000
000010000000000000001
000010000000000000001
000000000000000000000
000000000000000000000
000010000000000000001
000011000000000000000
000010100000000000000
000010010000000000000
000010001000000000000
000010000100000000000
000010000000000000001
000010000000000000001
00000000000000000000

000000000000000000000
000111111100011111110
000100000000010000000
000100000000010000000
000100000000010000000
000100000000010000000
000100000000010000000
000100000000010000000
000111111100011111110
000100000000010000000
000110000000011000000
000101000000010100000
000100100000010010000
000100010000010001000
000100001000010000100
000100000100010000010
000100000000010000000
000100000000010000000
000100000000010000000
000000000000000000000
00001111110000111111

000000000000000000000
001111111100111111110
000000000100000000010
000000000100000000010
000000000100000000010
000000000100000000010
000000000100000000010
000000000100000000010
000000000100000000010
000000000100000000010
000000000000000000000
001111111100111111110
000000000100000000010
000000000100000000010
000000000100000000010
000000000100000000010
000000000100000000010
000000000100000000010
000000000100000000010
000000000100000000010
00000000000000000000

000000000000000000000
111111111111111111110
000000000000000000000
111111111111111111110
000000000000000000000
111111111111111111110
000000000000000000000
111111111111111111110
000000000000000000000
111111111111111111110
000000000000000000000
111111111111111111110
000000000000000000000
111111111111111111110
000000000000000000000
111111111111111111110
000000000000000000000
111111111111111111110
000000000000000000000
111111111111111111110
00000000000000000000

000000000011111111110
000000000000000000000
000000000011111111110
000000000000000000000
000000000011111111110
000000000000000000000
000000000011111111111
000000000000000000000
000000000011111111110
000000000000000000000
000000000011111111110
000000000000000000000
000000000011111111110
000000000000000000000
000000000011111111110
000000000000000000000
000000000011111111110
000000000000000000000
000000000011111111110
000000000000000000000
00000010000000000000

000000000000000000000
001111111100000000000
000000000100000000001
000000000100000000001
000000000100000000001
000000000100000000001
000000000100000000001
000000000100000000001
000000000100000000001
000000000100000000001
000000000000000000000
001111111100000000000
000000000100000000001
000000000100000000001
000000000100000000001
000000000100000000001
000000000100000000001
000000000100000000001
000000000100000000001
000000000100000000001
00000000000000000000

000000000000000000000
111111111100000000000
000000000000000000000
111111111100000000000
000000000000000000000
111111111100000000000
000000000000000000000
111111111100000000000
000000000000000000000
111111111100000000000
000000000000000000000
111111111100000000000
000000000000000000000
111111111100000000000
000000000000000000000
111111111100000000000
000000000000000000000
111111111100000000000
000000000000000000000
111111111100000000000
00000000000000000000

000000000000000000000
111111111111111111110
000000000000000000000
111111111111111111110
000000000000000000000
111111111111111111110
000000000000000000000
111111111111111111110
000000000000000000000
111111111111111111110
000000000000000000000
111111111111111111110
000000000000000000000
111111111111111111110
000000000000000000000
111111111111111111110
000000000000000000000
111111111111111111110
000000000000000000000
111111111111111111110
00000000000000000000

000000000000000000000
111111111111111111110
000000000000000000000
111111111111111111110
000000000000000000000
111111111111111111110
000000000000000000000
111111111111111111110
000000000000000000000
111111111111111111110
000000000000000000000
111111111111111111110
000000000000000000000
111111111111111111110
000000000000000000000
111111111111111111110
000000000000000000000
111111111111111111110
000000000000000000000
111111111111111111110
00000000000000000000

000000000000000000000
000111111110000000000
000100000001000000000
000100000000100000000
000100000000010000000
000100000000100000000
000100000001000000000
000100000010000000000
000111111100000000001
000100000000000000001
000110000000000000000
000101000000000000000
000100100000000000000
000100010000000000000
000100001000000000000
000100000100000000000
000100000010000000000
000100000001000000000
000100000000100000000
000000000000000000000
00001111111111000000

000000000100000000010
000000001100000000110
000000010000000001000
000000110000000011000
000000100000000010000
000000100000000010000
000001100000000110000
000001000000000100000
000001000000000100000
000011000000001100000
000011111100001111110
000011111100001111110
000110000000011000000
000100000000010000000
000100000000010000000
000100000000010000000
001100000000110000000
001000000000100000000
001000000000100000000
001000000000100000000
00010000100001000010

000000000000000010001
000000000011111110001
000000000000000010001
100000000000000010000
000000000000000010001
000000000000000010001
000000000000000010001
000000000000000010001
000000000011111110001
000000000000000000000
000000000000000010001
000000000011111110001
000000000000000010001
000000000000000010001
000000000000000010001
000000100000000010000
000000000000000010001
000000000000000010001
000000000011111110001
000000000000000000000
10000010000000001000

111111111111111111110
111111111111111111110
111111111111111111110
111111111111111111110
000000001100000000110
111111011111111101110
111110111111111011110
111101111111110111110
111011111111101111110
110111111111011111110
111111111111111111110
111111111111111111110
111111111111111111110
111111111111111111110
000000001100000000110
111111011111111101110
111110111111111011110
111101111111110111110
111011111111101111110
110111111111011111110
00000000000000010000

000000000000000000000
111111111111111111110
000000000000000000000
111111111111111111110
000000000000000000000
111111111111111111110
000000000000000000000
111111111111111111110
000000000000000000000
111111111111111111110
000000000000000000000
111111111111111111110
000000000000000000000
111111111111111111110
000000000000000000000
111111111111111111110
000000000000000000000
111111111111111111110
000000000000000000000
111111111111111111110
00000000000000000000

000000000100000000010
000000001100000000110
000000010000000001000
000000110000000011000
000000100000000010000
000000100000000010000
000001100000000110000
000001000000000100000
000001000000000100000
000011000000001100000
000000000100000000010
000000001100000000110
000000010000000001000
000000110000000011000
000000100000000010000
000000100000000010000
000001100000000110000
000001000000000100000
000001000000000100000
000011000000001100000
00000000000000000000

000000000000000000000
001111111100111111110
000000000100000000010
000000000100000000010
000000000100000000010
000000000100000000010
000000000100000000010
000000000100000000010
000000000100000000010
000000000100000000010
000000000000000000000
001111111100111111110
000000000100000000010
000000000100000000010
000000000100000000010
000000000100000000010
000000000100000000010
000000000100000000010
000000000100000000010
000000000100000000010
00000000000000000000

000000000000000000000
111111111111111111110
000000000000000000000
111111111111111111110
000000000000000000000
111111111111111111110
000000000000000000000
111111111111111111110
000000000000000000000
111111111111111111110
000000000000000000000
111111111111111111110
000000000000000000000
111111111111111111110
000000000000000000000
111111111111111111110
000000000000000000000
111111111111111111110
000000000000000000000
111111111111111111110
00000000000000000000

111111111111111111110
111111111111111111110
111111111111111111110
111111111111110111111
111111111111111111110
111111111111111111110
111111111111111111110
000000000100000000010
111111111111111111110
111111111111111111110
111111111111111111110
111111111111111111110
111111111111111111110
111111111111111111110
111111111111111111110
111111111111111111110
101111111111111111111
000000000100000000010
111111111111111111110
111111111111111111110
01000000000000100000

000000000000000000000
001111111111111110001
000000000100000000001
000000000100000000001
000000000100000000001
000000000100000000001
000000000100000000001
000000000100000000001
000000000100000000001
000000000100000000001
000000000100000000001
000000000100000000001
000000000100000000001
000000000100000000001
000000000100000000001
000000000100000000001
000000000100000000001
000000000100000000001
000000000000000000000
000000000000000000000
00111111111111111000

000000000000000000000
000111111100011111110
000100000000010000000
000100000000010000000
000100000000010000000
000100000000010000000
000100000000010000000
000100000000010000000
000111111100011111110
000100000000010000000
000110000000011000000
000101000000010100000
000100100000010010000
000100010000010001000
000100001000010000100
000100000100010000010
000100000000010000000
000100000000010000000
000100000000010000000
000000000000000000000
00001111110000111111

111111111111111111110
111111111111111111110
111111111111111111110
111111111111111111110
000000001100000000110
111111011111111101110
111110111111111011110
111101111111110111110
111011111111101111110
110111111111011111110
111111111111111111110
111111111111111111110
111111111111111111110
111111111111111111110
111111111111111111110
111111111111111111110
111111111111111111110
111111111111111111110
110111111111111111111
111111111111111111110
11100001001000000110

000000000000000000001
000000000000000000000
111111111011111111100
000000000000000000000
000000000000000000000
000000000000000000000
000000000000000000000
000000000000000000000
000000000000000000000
000000000000000000000
000000000000000000000
000000000000000000000
000000000000000000000
000000000000000000000
000000000000000000000
000000000000000000000
000000000000000000000
000000000000000000000
000000000000000000000
000000001000000000001
11111110001101101101

000000000000000000000
000000000000000000000
000010000000000000001
000011000000000000000
000010100000000000000
000010010000000000000
000010001000000000000
000010000100000000000
000010000000000000001
000010000000000000001
000000000000000000000
000000000000000000000
000010000000000000001
000011000000000000000
000010100000000000000
000010010000000000000
000010001000000000000
000010000100000000000
000010000000000000001
000010000000000000001
00000000000000000000

000000000000000000000
111111111100000000000
000000000000000000000
111111111100000000000
000000000000000000000
111111111100000000000
000000000000000000000
111111111100000000000
000000000000000000000
111111111100000000000
000000000000000000000
111111111100000000000
000000000000000000000
111111111100000000000
000000000000000000000
111111111100000000000
000000000000000000000
111111111100000000000
000000000000000000000
111111111100000000000
00000000000000000000

000000000100000000010
000000001100000000110
000000010000000001000
000000110000000011000
000000100000000010000
000000100000000010000
000001100000000110000
000001000000000100000
000001000000000100000
000011000000001100000
000000000100000000010
000000001100000000110
000000010000000001000
000000110000000011000
000000100000000010000
000000100000000010000
000001100000000110000
000001000000000100000
000001000000000100000
000011000000001100000
00000000000000000000

000000000100000000010
000000001100000000110
000000010000000001000
000000110000000011000
000000100000000010000
000000100000000010000
000001100000000110000
000001000000000100000
000001000000000100000
000011000000001100000
000000000100000000010
000000001100000000110
000000010000000001000
000000110000000011000
000000100000000010000
000000100000000010000
000001100000000110000
000001000000000100000
000001000000000100000
000011000000001100000
00000000000000000000

000000000100000000010
000000001100000000110
000000010000000001000
000000110000000011000
000000100000000010000
000000100000000010000
000001100000000110000
000001000000000100000
000001000000000100000
000011000000001100000
000011111100001111110
000011111100001111110
000110000000011000000
000100000000010000000
000100000000010000000
000100000000010000000
001100000000110000000
001000000000100000000
001000000000100000000
001000000000100000000
00010000100001000010

000000000000000000000
000111111110000000000
000100000001000000000
000100000000100000000
000100000000010000000
000100000000100000000
000100000001000000000
000100000010000000000
000111111100000000001
000100000000000000001
000110000000000000000
000101000000000000000
000100100000000000000
000100010000000000000
000100001000000000000
000100000100000000000
000100000010000000000
000100000001000000000
000100000000100000000
000000000000000000000
00001111111111000000

000000000000000000000
001000000000000000001
001000000000000000001
001000000000000000001
001000000000000000001
001000000000000000001
001000000000000000001
001000000000000000001
001000000000000000001
001000000000000000001
000000000000000000000
001000000000000000001
001000000000000000001
001000000000000000001
001000000000000000001
001000000000000000001
001000000000000000001
001000000000000000001
001000000000000000001
001000000000000000001
00000000000000000000

000000000000000000000
000000000000000000000
000010000000001000000
000011000000011000000
000010100000101000000
000010010001001000000
000010001010001000000
000010000100001000001
000010000000001000000
000010000000001000000
000010000000001000000
000010000000001000000
000010000000001000000
000010000000001000000
000010000000001000000
000010000000001000000
000010000000001000000
000010000000001000000
000010000000001000000
000000000000000000000
00001111111111100000

000000000000000000000
111111111100000000000
000000000000000000000
111111111100000000000
000000000000000000000
111111111100000000000
000000000000000000000
111111111100000000000
000000000000000000000
111111111100000000000
000000000000000000000
111111111100000000000
000000000000000000000
111111111100000000000
000000000000000000000
111111111100000000000
000000000000000000000
111111111100000000000
000000000000000000000
111111111100000000000
00000000000000000000

000000000000000000000
000111111100011111110
000100000000010000000
000100000000010000000
000100000000010000000
000100000000010000000
000100000000010000000
000100000000010000000
000111111100011111110
000100000000010000000
000110000000011000000
000101000000010100000
000100100000010010000
000100010000010001000
000100001000010000100
000100000100010000010
000100000000010000000
000100000000010000000
000100000000010000000
000000000000000000000
00001111110000111111

000000000100000000001
000000001110000000001
000000010001000000000
000000110001100000000
000000100000100000000
000000100000100000000
000001100000110000000
000001000000010000000
000001000000010000000
000011000000011000000
000011111111111000001
000011111111111000001
000110000000001100000
000100000000000100000
000100000000000100000
000100000000000100000
001100000000000110000
001000000000000010000
001000000000000010000
001000000000000010000
00010000101000010000

000000000000000000000
000111111100011111110
000100000000010000000
000100000000010000000
000100000000010000000
000100000000010000000
000100000000010000000
000100000000010000000
000111111100011111110
000100000000010000000
000110000000011000000
000101000000010100000
000100100000010010000
000100010000010001000
000100001000010000100
000100000100010000010
000100000000010000000
000100000000010000000
000100000000010000000
000000000000000000000
00001111110000111111

000000000000000000000
000111111100011111110
000100000000010000000
000100000000010000000
000100000000010000000
000100000000010000000
000100000000010000000
000100000000010000000
000111111100011111110
000100000000010000000
000000000000000000000
000111111100011111110
000100000000010000000
000100000000010000000
000100000000010000000
000100000000010000000
000100000000010000000
000100000000010000000
000111111100011111110
000100000000010000000
00000000000000000000

000000000000000000000
000000000000000000000
000010000000001000000
000011000000011000000
000010100000101000000
000010010001001000000
000010001010001000000
000010000100001000001
000010000000001000000
000010000000001000000
000010000000001000000
000010000000001000000
000010000000001000000
000010000000001000000
000010000000001000000
000010000000001000000
000010000000001000000
000010000000001000000
000010000000001000000
000000000000000000000
00001111111111100000

000000000000000000000
000000000000000000000
000010000000001000000
000011000000001100000
000010100000001010000
000010010000001001000
000010001000001000100
000010000100001000010
000010000000001000000
000010000000001000000
000000000000000000000
000000000000000000000
000010000000001000000
000011000000001100000
000010100000001010000
000010010000001001000
000010001000001000100
000010000100001000010
000010000000001000000
000010000000001000000
00000000000000000000

000000000000000000000
000111111110000000000
000100000001000000000
000100000000100000000
000100000000010000000
000100000000100000000
000100000001000000000
000100000010000000000
000111111100000000001
000100000000000000001
000110000000000000000
000101000000000000000
000100100000000000000
000100010000000000000
000100001000000000000
000100000100000000000
000100000010000000000
000100000001000000000
000100000000100000000
000000000000000000000
00001111111111000100

000000000000000000000
000000000000000000000
000010000000001000000
000011000000011000000
000010100000101000000
000010010001001000000
000010001010001000000
000010000100001000001
000010000000001000000
000010000000001000000
000010000000001000000
000010000000001000000
000010000000001000000
000010000000001000000
000010000000001000000
000010000000001000000
000010000000001000000
000010000000001000000
000010000000001000000
000000000000000000000
00001111111111100000

000000000000000000000
111111111100000000000
000000000000000000000
111111111100000000000
000000000000000000000
111111111100000000000
000000000000000000000
111111111100000000000
000000000000000000000
111111111100000000000
000000000000000000000
111111111100000000000
000000000000000000000
111111111100000000000
000000000000000000000
111111111100000000000
000000000000000000000
111111111100000000000
000000000000000000000
111111111100000000000
00000000000000000000

111111111111111111110
111011111111101111110
111011111111101111110
111011111111101111110
111011111011101111100
111011110111101111010
111011101111101110110
111011011111101101110
111010111111101011110
111001111111100111110
111011111111101111110
111000000011100000000
111011111111101111110
111011111111101111110
111011111111101111110
111011111111101111110
111011111111101111110
111011111111101111110
111000000011100000000
111111111111111111110
00001111110000111111

000000000000000000000
001000000000100000000
001000000000100000000
001000000000100000000
001000000000100000000
001000000000100000000
001000000000100000000
001000000000100000000
001000000000100000000
001000000000100000000
001000000000100000000
001000000000100000000
001000000000100000000
001000000000100000000
001000000000100000000
001000000000100000000
000100000000010000000
000011111100001111110
000000000000000000000
000000000000000000000
00111111110011111111

111111111111111110111
111111111111111110111
111111111111111110111
111111111111111110111
111111111111111110111
111111111111111110111
111111111111111110111
111111111111111110111
111111111111111110111
111111111111111111110
111111111111111110110
111111111111111110111
111111111110111110111
111111111111111110111
111111111111111110111
111111111111111110111
111111111111111110111
111111111111111110111
111111111111111110111
111111111111111111111
00000000000110000000

000000000100000000001
000000001100000000000
000000010000000000001
000000110000000000000
000000100000000000001
000000100000000000001
000001100000000000000
000001000000000000001
000001000000000000001
000011000000000000000
000000000100000000001
000000001100000000000
000000010000000000001
000000110000000000000
000000100000000000001
000000100000000000001
000001100000000000000
000001000000000000001
000001000000000000001
000011000000000000000
00000000000000000000

000000000000000000000
000000000000000000000
000010000000001000000
000011000000001100000
000010100000001010000
000010010000001001000
000010001000001000100
000010000100001000010
000010000000001000000
000010000000001000000
000010000000001000000
000010000000001000000
000010000000001000000
000010000000001000000
000010000000001000000
000010000000001000000
000010000000001000000
000010000000001000000
000010000000001000000
000000000000000000000
00001111110000111111

000000000000000000000
000000000000000000000
000010000000001000000
000011000000011000000
000010100000101000000
000010010001001000000
000010001010001000000
000010000100001000001
000010000000001000000
000010000000001000000
000010000000001000000
000010000000001000000
000010000000001000000
000010000000001000000
000010000000001000000
000010000000001000000
000010000000001000000
000010000000001000000
000010000000001000000
000000000000000000000
00001111111111100000

000000000000000000000
000111111110000000000
000100000001000000000
000100000000100000000
000100000000010000000
000100000000100000000
000100000001000000000
000100000010000000000
000111111100000000001
000100000000000000001
000110000000000000000
000101000000000000000
000100100000000000000
000100010000000000000
000100001000000000000
000100000100000000000
000100000010000000000
000100000001000000000
000100000000100000000
000000000000000000000
00001111111111000000

000000000000000000000
001111111100111111110
000000000100000000010
000000000100000000010
000000000100000000010
000000000100000000010
000000000100000000010
000000000100000000010
000000000100000000010
000000000100000000010
000000000000000000000
001111111100111111110
000000000100000000010
000000000100000000010
000000000100000000010
000000000100000000010
000000000100000000010
000000000100000000010
000000000100000000010
000000000100000000010
00000000000000000000

000000000000000000000
000111111100000000001
000100000000000000001
000100000000000000001
000100000000000000001
000100000000000000001
000100000000000000001
000100000000000000001
000111111100000000001
000100000000000000001
000000000000000000000
000111111100000000001
000100000000000000001
000100000000000000001
000100000000000000001
000100000000000000001
000100000000000000001
000100000000000000001
000111111100000000001
000100000000000000001
00000000000000000000

000000000100000000010
000000001100000000110
000000010000000001000
000000110000000011000
000000100000000010000
000000100000000010000
000001100000000110000
000001000000000100000
000001000000000100000
000011000000001100000
000000000100000000010
000000001100000000110
000000010000000001000
000000110000000011000
000000100000000010000
000000100000000010000
000001100000000110000
000001000000000100000
000001000000000100000
000011000000001100000
00000000000000000000

111111111011111111111
111111111111111111110
111111111111111111110
111111111111111111110
111111111111111111110
111111111111111111110
111111111111111011111
101111111111110101111
110111111111101110111
111011111111011111011
111101111110111111011
111110111110111111011
111111011110111111011
111111101110111111011
111111110110111111011
111111111010111111011
100000000000000000010
111111111111111111110
111111111111111111110
111111111111111111110
00000000011100000000

