1110011001
100011000001110
110111110110001
1100100110101
1010010011000
10100001111100
11111110000001
101101000011
110011100000100
10001001001
11111110011010101
100001011
10111010010011011
110000111
111001101111
11110110001
100100100100100
100000
1110100011011
11000010000
1111010101
11001101000110001
110101111110
101100101111
101111110101
11000011011
11100000111011000
101010110001
100011010
11101101010001
1101101
101111
110010010101110
100111111111
111110
111110011001100
110010010000
111111101011001011
1011011100001
100101100100
11
1100
100011010111001010
1010101010
1110101010101
1101110
100000010000100
111001000101011010
111011101111010101
1101100011100
1100110
1100001011101101
1110010001001
1011001100010111
111110001111000001
10001010
10100001
1000000110100111
10000101
11110011111
11000100
10011100010001
101000101000
10110001011000
1011111
1110110001000
110010
1101001
110001001101
110010110
10100100000010
11010100101
101110100110
101100001001001100
1101
1011001001
1000000001
1000011
1001101010101
100111000000
10110000111
11011100110001111
1010001100
1110
11101111
1111001001
10011000000010001
1010
11100000
100011011100
11101100110
10111111
101100101
110111010010101
101000010
1001011
10001101110100
110001001000011
10111110010111010
101101101100011000
101000010000101110
1001100111
11110000
10111011100
11111111001011
100101110111111
10110110111000
1011110110010111
111100111110000101
111100110
1000001111
10111110101
1010011111
1001101
1101100111
11000011110
1000101100000
100110101010
1101111100110000
11010111010101
101010001001
101010011010
100010110110
10101011000110001
10101
111000000
1011001110
10001010011000
111010011
110101100010101100
10010000101111110
11001101
1100100000101
100101010101010101
11110001
1101101111
1001001001100
10000110101
100100010010001
11001010011100
10110101010
110100010001110
10011111
10101111
1111001111111
101100101101
111001110
1100110011011100
100001101101101101
100100001000010010
110011101100
1001110100001010
1110100011101011
1111100100
1010100011010111
10000010111
11100010111
10010001001011001
100100001001000
10001111
111010101010101
110101011010
101110011
100100110110101
1001001101
11000111100
10000001
10000010
1100001001011010
11100101010
110001111101
111010100011
1011011101010
11100001
1111010001010
101101110010101011
1001111111111
11111000110011000
100001
100101
1110000000
1010111101
111111110000
10101010001
101000101101
101001000
11110101111
1110100011101110
11000001010110
10000111000
100111101001001011
111001111
1100010011
100010
101
11001011110
1100000000
111101010101
11010101
110110110110
1110101010101011
1011100110000
11000010000010
11111101001
101111011101
111100100110
10000011111111
10100110100
110001000
11100101000
11000101
100100
10110011100
111011010011111
110111000100
1011011
1010011001010110
100001110100111011
1010111010010
111111011111
10111001010001010
10110100100101
11110000101
10100011
1000011111
1100010101
11000000000
101101010101010
11100100101
10010110
1010110011
101001010111
11010011011011001
10010111011111
100011
10110
1010000
110010111000100
101011111110110
110011011010110111
11100000000
11001100101
110001001
1000001000110110
1111000001
100101000010111000
1001101010101010
111010111001
11011111110
1100011101
111111000001
110011101001
111000111010
101111111101001
111110011111
111110111111
100001110
11110000000011
111110010110101
1001001111100
101000110101
11010110
10001000011000100
110000111111
111101
11100111010
1110011100111101
10011010
1000010011001
1111010
100100110
100101100
101100111110
10010101
111000101110
11011001111100
1011101110011011
111011100
1101001011
1010110100
101010000111001100
1000111
100011100000
110101011100001000
1011001010
110100111011010
11110111101
1110110111010
1111000010011
100100100101110
100111110010111000
111001111110110000
1101000000100000
100010010000011
11100001101100111
1101000011101
1000110100
11011110000
110101111
11110001010011
11111101110000101
11110110
1000011010
1110100110
1110011
1101011
111010011111111
1000011001
10001111110010011
10001111100001
101100100110011010
100010011
111110110110
1000101
1010101
110001010101
11110000001
11001001000
101010101000
10111110000000
111000000000
11011001
111001000
111101100
1110000000000
110001000111
11110110111
110010101110001110
10011011101001
11010111110001110
1100111010
10100110010010110
1101100101001001
100110110111
1101010
1001010000010
100001010110
11010011101
11111001
11001100010010
110101010
101111110
111110100011
10100101111110001
10000001111111
11100100100000
1111101101
11010110010001
11010111000111010
110100110
11001000100
1110101100
111111110001
11110100
1111010000
1101000110000110
1011111001
101100111001110011
11000000111110111
1100000010001110
11001101010
1111011001100
111101110
11101001111
10010100010
1011101110000101
10110101110000010
11011011
111011001100110
10100010001000110
1001101110111001
111111000010
1011111110000
11111011
100111111
1010010100110000
111
10111111000000
11011000
1100000010111001
10001010001
110100001101
110101001111
110000000000
10101100
1110100101101011
111110110000011011
111011
111011111
1000000111
11110110010100001
10000
101100110101
1001101110010
110001
101011110
10101011010000
1110000110001
111011011111
1001000
111100111110
111101010111101100
110101101
100101110
10100001101110010
100110110
11011001101
101000
1111010111000
101010000001101110
10111011110
10100001011000
110100101
10010001001
101010010111
1011110
10011010110100010
1110111111
1100110100011000
10000100011000
100100100
110100
10000011
1100101001110001
1000001001
10011001000
11110011111111
1100000000000
111010010010010010
1000000101001
10110100000010
1000101110
100111100101
1001110001110
11111011111
1011001110011
1111011
1000010101001000
10100010
10110101
111010010010
110111100101010101
101001011111100101
1100001111010
111101011
101100101101101
1110011101
101011000
11110110110101
1001100101100
11100010100101
110111101
10010111011110
1000000000100100
10100
1000001100110010
110110001
1100111110011101
100101101
101001110010010111
100101001
1101110011
1010110101011
100110
1111001
1001111111
1001101101
111011011101
11000011111
101001
11101001110
11001100
1011111111111
10000000001100010
110110111
110011001100
1110101101000001
100100000110
111011101010
11001111001010
1111110001
11110111
10001010111
1001101100000
1010111110
100010110
1001000101000000
1100000
11101110110
11111111000
1110001011
111000
1111101110100101
111111
100011110000
10000010110011100
100001110110
111110100
1000010111001100
10011101100
11011000101100
10111011
100111110110110
11111011111111
11101101101
101101100
111010111111
101011111110
101101111
100000011
10110011100111001
1101111111001
110101000001001011
1110010
110111110101
11110
100111001111110111
1011001
1111100000
1001110
1100000010101101
111011110010111
11000001101111100
1000000110011
1010111111110
11010111111101
110111010
1011100
11100000000000
101011101
1101011101110
10101001
1101111001
1111110011111
11111000010
111010
1110011110
100101010101010
11111001111100000
111011011
111100
10110011101010
10000100111
1111110
110110011100
101100010110010
100111111100111100
1101101000101
110011011101
1100000001
11111011111010
10111110
111111000101
100111
1110011000000
10101000011110
11000001
11111010001
10111100101
10001
100100111
111010101011101000
10111
10100100
10010111
1011101111
11101110001
101100110010
110000011001
10100001101101101
110001110000
111000000110100
11110010011000100
11001011101000
110000000
111001011000111
1000011011100111
1111010011111
11000011001
10100110001100
101101111001100
110101000
10010111011
100001110110011111
111011001100110011
10000111001100011
110010110101
110010010001000100
101110111
11111001100110001
111101111011111
10000010000
1010000010000001
10011101111
1110000111
11111110
1100001
1001011000
110011100010110101
10011101110
1110000011110101
111110000110011
100100101
101101
1100010
10011100100
110001111
11000101111111
1011
110101110
110101111111
1101011011
1101000111101
1000001101
10010
1110010011100110
10111010101
111001100010
1110100111
10101111111110
100110011101
1111110100010011
101010001
110110111101
10100101011011000
1100101111
110010011101
1110101
110010011
110011
110001111001
10001100111010
1001011000111
1101101011000110
101100100000110010
100010011110
101011010001001
1101010000000
11100011001001
101011001
101010101011
111101010
11110101
1000011100
100000111111111111
11010011
100011110111000
111011101010001000
111010011111
110111111011101
100000101
11001111
111101100110
10111011001101010
1000000011
1101111110
110110110101111
10101100000111
111011000011101100
101010100110
1000111100111
110011101101
10111010011
100010110000
111110110
101111111
11001001
110011110111
1100001101
1111101111
1010011011
1101011111111001
10100101
10000011010
1110101011
11001110001
11110011001101
100100100100
1100001111
10010111111011000
100011111
100010011011101011
100011011101110
101011000111
100010111010100
11110101111111
110010011000110001
11000111
10101111111111
111000110100100
1100011110
111110111
110000010
11110111001001
1010100010
1000011000001
111101111
10100011101011
101000101
1010011110101
1011100110
11110110101
10010011
10011010011000
111010010010010
1101001100
11111101
101100101101101101
10100010110
1001001110
110000
1110100101000010
101101010
101011011000011100
10101110
11011000011000
1001110101101011
110101
1111101
110110
1001111000010
111000111
10001100001100
10000100
1100011
11101100
1001110110000100
11110100001011
10001001010
1011111111
110000001111111001
101110110
1101011001
11100110111110
111100010110001
100011010111
10110100101
11011011111010
100010101010000
11110111010111110
101011001100100000
101100011
1101010011110
10100111001000
10110111
111100111
1100000101001111
101010110111
11000000011010
10111011011001
100011011000001110
101001010110001
100101101010
1001101001000
11111001111
10000111
11111010000111100
1100000111010
10011111111
100010000
10101010111000100
10001000110011
110000110
11000000
10110010
100001100
11111011010111
100011100110110
11000100101
1100010011111
11111000
100101110111011
10110011
111110010
1110000111010
1100011111
1100110011001100
1001000001
1100111
1000111111
1100100
1000001
1101111
100100011110001
100100111000
11101001
100100000111
10111111111
100100001
1010111010111
101101110
10010101010
11001110
1100000011
1010100
1100101110011011
101101100101
111001111101
10001101
1110000000101010
11000010011111
100101110110
100110000101011
101110101110100100
1110110111001
110111100011100100
10011
1111
1100100100001001
110110011111100
11010110011
101000001
101011
1101101111111
10101100110
110011000
1010110101010
111001111010
100000101101
101000011000001
100000101101101
10010001101
11010100
1011101
10001111111
10101000
1110110010110
111001
1111101101100101
100011111111
1000111111111
1001111010110010
10011101
11100101
110
11110100011101100
1000
101110010101
1011010101
10011000001010
101110111000
100100000
101101100010101
111011011000
110110100001
100110001010101010
1011111101
100110011001
111100000
1001001101000100
1010011
10111010010011
1110010110100
111100001
111011101
1100111100100
1000000
1001110000
11100
110110100
11111010111
111000010101
1111110110
11000111111
1110101100010110
110110110
111010010
1110110
11100110
1110000
101011001110
10100101100101
1001100
101011010101
11111100
100010010
1111001010
10011000001
10100100000011
110001111111
100101110111011101
10001000010011010
1000100
11011110000001
10011100110011000
111010101000
11101101100
11101101
1100111011
10011001
1000110
1100110110
1101010100
11000111101001100
110011111
11100001010
111100000100
101011001100
1100111110
1110110111
100001011011101101
1001101001010011
1101010101
110010000
10100101110100
11011110
110000010011001
1101000000110001
1010011100
1111110111111111
11101
111010010011111001
110110011110
1011111000111111
101111110011100
10011000100001
1111011001
1111110110011101
10101101
101110
11001010
1100010110101
1100011010110
1010011000011100
1001
101001000011110
1000010
1101000
101111000110101
10011101001
10001111100
1010110
101111111111111111
11011111101001
10110110
111001001
10110000
11000
11011
110001000100
1101111101
1001010
110110000101110110
100100101010
1010001
1110110011
11001010100
111111101111010101
1100111111
101000011001
1110111001
10100111110
11001
10001010100
110111110000000
1100110101
1001110011
11000110
101010
111000000001
11100010000100001
10100001101010111
111001110101
1010101001000
101100
110111
11010111
111000110011000
1011010
111100101101011011
1000000011001
1001001
1010111111011
11000011
10000011010011001
100010011010011000
110110110110110
111001011000000101
10010100
1111000
111001110111
11111000111011
110111111000001011
101011110010110011
10010010101010
1010000101110
101100100111100
11010
1100111001
11101100011
1110010111
110010110000110
110110110110110110
1001110011110
111100111010100
101101111111000111
101011101111010
1010010111111
1001001001000
101001001000