8
7
4
3
5
9
12
13
85
84
903
18
738
36
95
9870
626
24
3456
25
48
294
82
15
57
99
50
27
77
4809
83
711
760
682
32
384
16
3868
588
396
864
8913
39
40
969
255
208
692
857
4575
586
29
980
986
86
34
316
22123
60
1
87
46
91
488
8351
784
2842
1603
78
8038
8711
4682
4774
6270
55
72
6130
2894
94
8164
96
592
606
978
389
41
6120
271
63
88
2958
532
7228
69
42
303
299
51
19
2715
38
6395
730
74
4796
891
290
61
363
59
4491
2
6
221
51669
35
89
43
92
37
620
47
240
1441
364
4614
3713
5956
1474
93
109
437
8457
808
5592
9584
712
26
1432
2739
11
8111
23
62
928
5425
423
8148
7174
20
204
935
14
1770
67
7370
100
73
278
369
2658
66
6159
484
524
2921
7875
490
334
7900
7216
91037
493
149
965
9942
52
9296
58
2630
1109
235
301
1165
2663
9585
8259
9191
8831
75
1256
98
1103
885
463
76
4073
193
2620
933
33
65
56
523
186
382
179
44
266
9199
4558
412
400
931
7324
2318
767
8864
734
216
777
6151
153
7189
766
1675
787
1579
142706
673
6694
30
6114
486
81
7782
558
621
9286
2294
1493
217
122
17
646
49
7797
3449
402
8361
720
5904
688
90
161
520
320
434
80
4312
273
6891
536
5469
2772
929
1466
755
468
70
889
1976
4024
31
247
3602
2848
309
287
424
855
2932
214
2014
499
240987
8260
7403
1345
64
713
5255
275
137
5433
2516
71
6028
581
1223
2691
1435
5606
54
302
809
279
2112
121
432
8972
1546
497
816
7893
9260
338
269
104
171
2582
1322
5060
170
339
373
984
3390
2814
776
326
8036
229
132
1131
6372
450
921
6699
342
7646
6307
399123
4175
9882
22
732
473
952
79
5540
6775
8924
425
3914
1057
2990
4981
4859
451
68
2353
681
600
1129
3293
6067
9842
9423
9666
21
831
8419
9122
6648
97
4102
1058
3921
595
852
129
2892
813
9098
6695
3117
3071
201
337
1046
4875
4707
875
7336
1083
3699
8378
578
598
28
45
53
8250
982
452
622
391
1973
111
4921
242
8602
335
6849
9124
2797
431
1430
9250
194
656
140
6123
912
1732
7513
413
5438
9145
993
1094
946
332
902
304
667
765
9154
8171
2775
8007
1226
378
519
374
200
6121
1951
225
5357
4787
2882
1530
1932
184
8434
9727
5661
366
6608
3843
867
8812
286
1447
5316
791
591
2190
1054
4932
1227
8703
408
1574
527
160
7147
2878
3116
189
4033
6172
8630
856
8138
2640
2543
981
180
349
723
516
9796
9578
9715
757
824
5573
