kolumna 1 - liczba naturalna 
kolumna 2 - jeśli 0 - liczba szczęśliwa
            każda inna wartość określa liczbę
		która powoduje "wykreślenie" 	
		liczby "nieszczęśliwej" 

1   0
2   2
3   0
4   2
5   3
6   2
7   0
8   2
9   0
10   2
11   3
12   2
13   0
14   2
15   0
16   2
17   3
18   2
19   7
20   2
21   0
22   2
23   3
24   2
25   0
26   2
27   9
28   2
29   3
30   2
31   0
32   2
33   0
34   2
35   3
36   2
37   0
38   2
39   7
40   2
41   3
42   2
43   0
44   2
45   13
46   2
47   3
48   2
49   0
50   2
51   0
52   2
53   3
54   2
55   15
56   2
57   9
58   2
59   3
60   2
61   7
62   2
63   0
64   2
65   3
66   2
67   0
68   2
69   0
70   2
71   3
72   2
73   0
74   2
75   0
76   2
77   3
78   2
79   0
80   2
81   7
82   2
83   3
84   2
85   21
86   2
87   0
88   2
89   3
90   2
91   9
92   2
93   0
94   2
95   3
96   2
97   13
98   2
99   0
100   2
101   3
102   2
103   7
104   2
105   0
106   2
107   3
108   2
109   25
110   2
111   0
112   2
113   3
114   2
115   0
116   2
117   15
118   2
119   3
120   2
121   9
122   2
123   7
124   2
125   3
126   2
127   0
128   2
129   0
130   2
131   3
132   2
133   0
134   2
135   0
136   2
137   3
138   2
139   31
140   2
141   0
142   2
143   3
144   2
145   7
146   2
147   13
148   2
149   3
150   2
151   0
152   2
153   9
154   2
155   3
156   2
157   33
158   2
159   0
160   2
161   3
162   2
163   0
164   2
165   7
166   2
167   3
168   2
169   0
170   2
171   0
172   2
173   3
174   2
175   37
176   2
177   21
178   2
179   3
180   2
181   15
182   2
183   9
184   2
185   3
186   2
187   7
188   2
189   0
190   2
191   3
192   2
193   0
194   2
195   0
196   2
197   3
198   2
199   13
200   2
201   0
202   2
203   3
204   2
205   0
206   2
207   7
208   2
209   3
210   2
211   0
212   2
213   43
214   2
215   3
216   2
217   9
218   2
219   0
220   2
221   3
222   2
223   0
224   2
225   25
226   2
227   3
228   2
229   7
230   2
231   0
232   2
233   3
234   2
235   0
236   2
237   0
238   2
239   3
240   2
241   0
242   2
243   15
244   2
245   3
246   2
247   9
248   2
249   7
250   2
251   3
252   2
253   13
254   2
255   49
256   2
257   3
258   2
259   0
260   2
261   0
262   2
263   3
264   2
265   51
266   2
267   0
268   2
269   3
270   2
271   7
272   2
273   0
274   2
275   3
276   2
277   21
278   2
279   9
280   2
281   3
282   2
283   0
284   2
285   0
286   2
287   3
288   2
289   0
290   2
291   7
292   2
293   3
294   2
295   31
296   2
297   0
298   2
299   3
300   2
301   13
302   2
303   0
304   2
305   3
306   2
307   0
308   2
309   9
310   2
311   3
312   2
313   7
314   2
315   15
316   2
317   3
318   2
319   0
320   2
321   0
322   2
323   3
324   2
325   33
326   2
327   0
328   2
329   3
330   2
331   0
332   2
333   7
334   2
335   3
336   2
337   63
338   2
339   0
340   2
341   3
342   2
343   9
344   2
345   25
346   2
347   3
348   2
349   0
350   2
351   13
352   2
353   3
354   2
355   7
356   2
357   0
358   2
359   3
360   2
361   0
362   2
363   67
364   2
365   3
366   2
367   0
368   2
369   21
370   2
371   3
372   2
373   9
374   2
375   7
376   2
377   3
378   2
379   15
380   2
381   37
382   2
383   3
384   2
385   0
386   2
387   69
388   2
389   3
390   2
391   0
392   2
393   0
394   2
395   3
396   2
397   7
398   2
399   0
400   2
401   3
402   2
403   13
404   2
405   9
406   2
407   3
408   2
409   0
410   2
411   73
412   2
413   3
414   2
415   0
416   2
417   7
418   2
419   3
420   2
421   0
422   2
423   75
424   2
425   3
426   2
427   0
428   2
429   0
430   2
431   3
432   2
433   0
434   2
435   9
436   2
437   3
438   2
439   7
440   2
441   15
442   2
443   3
444   2
445   43
446   2
447   31
448   2
449   3
450   2
451   0
452   2
453   13
454   2
455   3
456   2
457   79
458   2
459   7
460   2
461   3
462   2
463   0
464   2
465   25
466   2
467   3
468   2
469   9
470   2
471   21
472   2
473   3
474   2
475   0
476   2
477   0
478   2
479   3
480   2
481   7
482   2
483   0
484   2
485   3
486   2
487   0
488   2
489   0
490   2
491   3
492   2
493   33
494   2
495   0
496   2
497   3
498   2
499   9
500   2
501   7
502   2
503   3
504   2
505   15
506   2
507   13
508   2
509   3
510   2
511   0
512   2
513   87
514   2
515   3
516   2
517   0
518   2
519   0
520   2
521   3
522   2
523   7
524   2
525   49
526   2
527   3
528   2
529   0
530   2
531   9
532   2
533   3
534   2
535   0
536   2
537   0
538   2
539   3
540   2
541   0
542   2
543   7
544   2
545   3
546   2
547   93
548   2
549   51
550   2
551   3
552   2
553   0
554   2
555   13
556   2
557   3
558   2
559   0
560   2
561   9
562   2
563   3
564   2
565   7
566   2
567   21
568   2
569   3
570   2
571   15
572   2
573   37
574   2
575   3
576   2
577   0
578   2
579   0
580   2
581   3
582   2
583   0
584   2
585   7
586   2
587   3
588   2
589   25
590   2
591   0
592   2
593   3
594   2
595   9
596   2
597   99
598   2
599   3
600   2
601   0
602   2
603   31
604   2
605   3
606   2
607   7
608   2
609   13
610   2
611   3
612   2
613   0
614   2
615   0
616   2
617   3
618   2
619   0
620   2
621   0
622   2
623   3
624   2
625   9
626   2
627   7
628   2
629   3
630   2
631   0
632   2
633   15
634   2
635   3
636   2
637   105
638   2
639   0
640   2
641   3
642   2
643   0
644   2
645   0
646   2
647   3
648   2
649   7
650   2
651   0
652   2
653   3
654   2
655   0
656   2
657   9
658   2
659   3
660   2
661   13
662   2
663   21
664   2
665   3
666   2
667   33
668   2
669   7
670   2
671   3
672   2
673   0
674   2
675   111
676   2
677   3
678   2
679   0
680   2
681   43
682   2
683   3
684   2
685   0
686   2
687   9
688   2
689   3
690   2
691   7
692   2
693   0
694   2
695   3
696   2
697   15
698   2
699   0
700   2
701   3
702   2
703   63
704   2
705   25
706   2
707   3
708   2
709   13
710   2
711   7
712   2
713   3
714   2
715   115
716   2
717   0
718   2
719   3
720   2
721   9
722   2
723   0
724   2
725   3
726   2
727   0
728   2
729   0
730   2
731   3
732   2
733   7
734   2
735   0
736   2
737   3
738   2
739   0
740   2
741   0
742   2
743   3
744   2
745   0
746   2
747   67
748   2
749   3
750   2
751   9
752   2
753   7
754   2
755   3
756   2
757   21
758   2
759   15
760   2
761   3
762   2
763   13
764   2
765   31
766   2
767   3
768   2
769   0
770   2
771   37
772   2
773   3
774   2
775   7
776   2
777   0
778   2
779   3
780   2
781   0
782   2
783   9
784   2
785   3
786   2
787   0
788   2
789   127
790   2
791   3
792   2
793   69
794   2
795   7
796   2
797   3
798   2
799   49
800   2
801   0
802   2
803   3
804   2
805   0
806   2
807   129
808   2
809   3
810   2
811   13
812   2
813   9
814   2
815   3
816   2
817   7
818   2
819   0
820   2
821   3
822   2
823   0
824   2
825   15
826   2
827   3
828   2
829   25
830   2
831   0
832   2
833   3
834   2
835   33
836   2
837   7
838   2
839   3
840   2
841   0
842   2
843   133
844   2
845   3
846   2
847   9
848   2
849   51
850   2
851   3
852   2
853   21
854   2
855   0
856   2
857   3
858   2
859   7
860   2
861   73
862   2
863   3
864   2
865   13
866   2
867   0
868   2
869   3
870   2
871   135
872   2
873   0
874   2
875   3
876   2
877   9
878   2
879   7
880   2
881   3
882   2
883   0
884   2
885   0
886   2
887   3
888   2
889   15
890   2
891   75
892   2
893   3
894   2
895   0
896   2
897   0
898   2
899   3
900   2
901   7
902   2
903   0
904   2
905   3
906   2
907   141
908   2
909   9
910   2
911   3
912   2
913   31
914   2
915   13
916   2
917   3
918   2
919   43
920   2
921   7
922   2
923   3
924   2
925   0
926   2
927   0
928   2
929   3
930   2
931   0
932   2
933   0
934   2
935   3
936   2
937   0
938   2
939   9
940   2
941   3
942   2
943   7
944   2
945   25
946   2
947   3
948   2
949   21
950   2
951   15
952   2
953   3
954   2
955   79
956   2
957   0
958   2
959   3
960   2
961   0
962   2
963   7
964   2
965   3
966   2
967   13
968   2
969   37
970   2
971   3
972   2
973   9
974   2
975   0
976   2
977   3
978   2
979   0
980   2
981   0
982   2
983   3
984   2
985   7
986   2
987   151
988   2
989   3
990   2
991   0
992   2
993   0
994   2
995   3
996   2
997   0
998   2
999   33
1000   2
1001   3
1002   2
1003   9
1004   2
1005   7
1006   2
1007   3
1008   2
1009   0
1010   2
1011   0
1012   2
1013   3
1014   2
1015   15
1016   2
1017   13
1018   2
1019   3
1020   2
1021   0
1022   2
1023   0
1024   2
1025   3
1026   2
1027   7
1028   2
1029   0
1030   2
1031   3
1032   2
1033   159
1034   2
1035   9
1036   2
1037   3
1038   2
1039   0
1040   2
1041   0
1042   2
1043   3
1044   2
1045   21
1046   2
1047   7
1048   2
1049   3
1050   2
1051   87
1052   2
1053   0
1054   2
1055   3
1056   2
1057   0
1058   2
1059   63
1060   2
1061   3
1062   2
1063   25
1064   2
1065   9
1066   2
1067   3
1068   2
1069   7
1070   2
1071   13
1072   2
1073   3
1074   2
1075   31
1076   2
1077   49
1078   2
1079   3
1080   2
1081   15
1082   2
1083   163
1084   2
1085   3
1086   2
1087   0
1088   2
1089   7
1090   2
1091   3
1092   2
1093   0
1094   2
1095   0
1096   2
1097   3
1098   2
1099   9
1100   2
1101   0
1102   2
1103   3
1104   2
1105   0
1106   2
1107   0
1108   2
1109   3
1110   2
1111   7
1112   2
1113   169
1114   2
1115   3
1116   2
1117   0
1118   2
1119   13
1120   2
1121   3
1122   2
1123   0
1124   2
1125   171
1126   2
1127   3
1128   2
1129   9
1130   2
1131   7
1132   2
1133   3
1134   2
1135   51
1136   2
1137   93
1138   2
1139   3
1140   2
1141   21
1142   2
1143   15
1144   2
1145   3
1146   2
1147   0
1148   2
1149   43
1150   2
1151   3
1152   2
1153   7
1154   2
1155   0
1156   2
1157   3
1158   2
1159   37
1160   2
1161   9
1162   2
1163   3
1164   2
1165   67
1166   2
1167   0
1168   2
1169   3
1170   2
1171   13
1172   2
1173   7
1174   2
1175   3
1176   2
1177   33
1178   2
1179   0
1180   2
1181   3
1182   2
1183   0
1184   2
1185   25
1186   2
1187   3
1188   2
1189   0
1190   2
1191   9
1192   2
1193   3
1194   2
1195   7
1196   2
1197   0
1198   2
1199   3
1200   2
1201   0
1202   2
1203   0
1204   2
1205   3
1206   2
1207   15
1208   2
1209   0
1210   2
1211   3
1212   2
1213   69
1214   2
1215   7
1216   2
1217   3
1218   2
1219   0
1220   2
1221   13
1222   2
1223   3
1224   2
1225   9
1226   2
1227   31
1228   2
1229   3
1230   2
1231   0
1232   2
1233   0
1234   2
1235   3
1236   2
1237   7
1238   2
1239   21
1240   2
1241   3
1242   2
1243   99
1244   2
1245   0
1246   2
1247   3
1248   2
1249   0
1250   2
1251   0
1252   2
1253   3
1254   2
1255   9
1256   2
1257   7
1258   2
1259   3
1260   2
1261   0
1262   2
1263   0
1264   2
1265   3
1266   2
1267   189
1268   2
1269   15
1270   2
1271   3
1272   2
1273   13
1274   2
1275   0
1276   2
1277   3
1278   2
1279   7
1280   2
1281   0
1282   2
1283   3
1284   2
1285   0
1286   2
1287   9
1288   2
1289   3
1290   2
1291   0
1292   2
1293   73
1294   2
1295   3
1296   2
1297   193
1298   2
1299   7
1300   2
1301   3
1302   2
1303   0
1304   2
1305   25
1306   2
1307   3
1308   2
1309   0
1310   2
1311   105
1312   2
1313   3
1314   2
1315   195
1316   2
1317   9
1318   2
1319   3
1320   2
1321   7
1322   2
1323   0
1324   2
1325   3
1326   2
1327   13
1328   2
1329   0
1330   2
1331   3
1332   2
1333   21
1334   2
1335   15
1336   2
1337   3
1338   2
1339   0
1340   2
1341   7
1342   2
1343   3
1344   2
1345   49
1346   2
1347   33
1348   2
1349   3
1350   2
1351   9
1352   2
1353   75
1354   2
1355   3
1356   2
1357   0
1358   2
1359   37
1360   2
1361   3
1362   2
1363   7
1364   2
1365   0
1366   2
1367   3
1368   2
1369   0
1370   2
1371   201
1372   2
1373   3
1374   2
1375   13
1376   2
1377   31
1378   2
1379   3
1380   2
1381   9
1382   2
1383   7
1384   2
1385   3
1386   2
1387   0
1388   2
1389   0
1390   2
1391   3
1392   2
1393   43
1394   2
1395   0
1396   2
1397   3
1398   2
1399   15
1400   2
1401   0
1402   2
1403   3
1404   2
1405   7
1406   2
1407   205
1408   2
1409   3
1410   2
1411   111
1412   2
1413   9
1414   2
1415   3
1416   2
1417   0
1418   2
1419   0
1420   2
1421   3
1422   2
1423   25
1424   2
1425   7
1426   2
1427   3
1428   2
1429   13
1430   2
1431   21
1432   2
1433   3
1434   2
1435   0
1436   2
1437   51
1438   2
1439   3
1440   2
1441   0
1442   2
1443   9
1444   2
1445   3
1446   2
1447   7
1448   2
1449   63
1450   2
1451   3
1452   2
1453   79
1454   2
1455   0
1456   2
1457   3
1458   2
1459   0
1460   2
1461   15
1462   2
1463   3
1464   2
1465   211
1466   2
1467   7
1468   2
1469   3
1470   2
1471   0
1472   2
1473   0
1474   2
1475   3
1476   2
1477   9
1478   2
1479   13
1480   2
1481   3
1482   2
1483   115
1484   2
1485   0
1486   2
1487   3
1488   2
1489   7
1490   2
1491   0
1492   2
1493   3
1494   2
1495   0
1496   2
1497   0
1498   2
1499   3
1500   2
1501   0
1502   2
1503   0
1504   2
1505   3
1506   2
1507   9
1508   2
1509   7
1510   2
1511   3
1512   2
1513   33
1514   2
1515   219
1516   2
1517   3
1518   2
1519   0
1520   2
1521   21
1522   2
1523   3
1524   2
1525   15
1526   2
1527   13
1528   2
1529   3
1530   2
1531   7
1532   2
1533   0
1534   2
1535   3
1536   2
1537   31
1538   2
1539   9
1540   2
1541   3
1542   2
1543   0
1544   2
1545   0
1546   2
1547   3
1548   2
1549   25
1550   2
1551   7
1552   2
1553   3
1554   2
1555   223
1556   2
1557   67
1558   2
1559   3
1560   2
1561   37
1562   2
1563   0
1564   2
1565   3
1566   2
1567   0
1568   2
1569   9
1570   2
1571   3
1572   2
1573   7
1574   2
1575   0
1576   2
1577   3
1578   2
1579   0
1580   2
1581   13
1582   2
1583   3
1584   2
1585   0
1586   2
1587   0
1588   2
1589   3
1590   2
1591   15
1592   2
1593   7
1594   2
1595   3
1596   2
1597   0
1598   2
1599   0
1600   2
1601   3
1602   2
1603   9
1604   2
1605   87
1606   2
1607   3
1608   2
1609   231
1610   2
1611   0
1612   2
1613   3
1614   2
1615   7
1616   2
1617   49
1618   2
1619   3
1620   2
1621   21
1622   2
1623   43
1624   2
1625   3
1626   2
1627   69
1628   2
1629   13
1630   2
1631   3
1632   2
1633   9
1634   2
1635   7
1636   2
1637   3
1638   2
1639   0
1640   2
1641   0
1642   2
1643   3
1644   2
1645   0
1646   2
1647   127
1648   2
1649   3
1650   2
1651   235
1652   2
1653   15
1654   2
1655   3
1656   2
1657   7
1658   2
1659   0
1660   2
1661   3
1662   2
1663   0
1664   2
1665   9
1666   2
1667   3
1668   2
1669   25
1670   2
1671   237
1672   2
1673   3
1674   2
1675   0
1676   2
1677   7
1678   2
1679   3
1680   2
1681   129
1682   2
1683   13
1684   2
1685   3
1686   2
1687   33
1688   2
1689   31
1690   2
1691   3
1692   2
1693   0
1694   2
1695   9
1696   2
1697   3
1698   2
1699   7
1700   2
1701   0
1702   2
1703   3
1704   2
1705   0
1706   2
1707   241
1708   2
1709   3
1710   2
1711   0
1712   2
1713   21
1714   2
1715   3
1716   2
1717   15
1718   2
1719   7
1720   2
1721   3
1722   2
1723   0
1724   2
1725   51
1726   2
1727   3
1728   2
1729   9
1730   2
1731   0
1732   2
1733   3
1734   2
1735   13
1736   2
1737   0
1738   2
1739   3
1740   2
1741   7
1742   2
1743   93
1744   2
1745   3
1746   2
1747   73
1748   2
1749   0
1750   2
1751   3
1752   2
1753   37
1754   2
1755   133
1756   2
1757   3
1758   2
1759   9
1760   2
1761   7
1762   2
1763   3
1764   2
1765   0
1766   2
1767   0
1768   2
1769   3
1770   2
1771   0
1772   2
1773   0
1774   2
1775   3
1776   2
1777   0
1778   2
1779   15
1780   2
1781   3
1782   2
1783   7
1784   2
1785   13
1786   2
1787   3
1788   2
1789   25
1790   2
1791   9
1792   2
1793   3
1794   2
1795   135
1796   2
1797   0
1798   2
1799   3
1800   2
1801   0
1802   2
1803   7
1804   2
1805   3
1806   2
1807   63
1808   2
1809   0
1810   2
1811   3
1812   2
1813   21
1814   2
1815   75
1816   2
1817   3
1818   2
1819   0
1820   2
1821   9
1822   2
1823   3
1824   2
1825   7
1826   2
1827   0
1828   2
1829   3
1830   2
1831   0
1832   2
1833   0
1834   2
1835   3
1836   2
1837   13
1838   2
1839   0
1840   2
1841   3
1842   2
1843   31
1844   2
1845   7
1846   2
1847   3
1848   2
1849   15
1850   2
1851   259
1852   2
1853   3
1854   2
1855   9
1856   2
1857   0
1858   2
1859   3
1860   2
1861   33
1862   2
1863   43
1864   2
1865   3
1866   2
1867   7
1868   2
1869   0
1870   2
1871   3
1872   2
1873   261
1874   2
1875   99
1876   2
1877   3
1878   2
1879   0
1880   2
1881   141
1882   2
1883   3
1884   2
1885   9
1886   2
1887   7
1888   2
1889   3
1890   2
1891   13
1892   2
1893   0
1894   2
1895   3
1896   2
1897   49
1898   2
1899   0
1900   2
1901   3
1902   2
1903   25
1904   2
1905   21
1906   2
1907   3
1908   2
1909   7
1910   2
1911   15
1912   2
1913   3
1914   2
1915   0
1916   2
1917   9
1918   2
1919   3
1920   2
1921   0
1922   2
1923   0
1924   2
1925   3
1926   2
1927   267
1928   2
1929   7
1930   2
1931   3
1932   2
1933   0
1934   2
1935   79
1936   2
1937   3
1938   2
1939   13
1940   2
1941   0
1942   2
1943   3
1944   2
1945   0
1946   2
1947   9
1948   2
1949   3
1950   2
1951   7
1952   2
1953   37
1954   2
1955   3
1956   2
1957   67
1958   2
1959   0
1960   2
1961   3
1962   2
1963   0
1964   2
1965   0
1966   2
1967   3
1968   2
1969   273
1970   2
1971   7
1972   2
1973   3
1974   2
1975   15
1976   2
1977   0
1978   2
1979   3
1980   2
1981   9
1982   2
1983   0
1984   2
1985   3
1986   2
1987   0
1988   2
1989   13
1990   2
1991   3
1992   2
1993   7
1994   2
1995   0
1996   2
1997   3
1998   2
1999   31
2000   2
2001   0
2002   2
2003   3
2004   2
2005   21
2006   2
2007   105
2008   2
2009   3
2010   2
2011   9
2012   2
2013   7
2014   2
2015   3
2016   2
2017   51
2018   2
2019   0
2020   2
2021   3
2022   2
2023   0
2024   2
2025   25
2026   2
2027   3
2028   2
2029   33
2030   2
2031   0
2032   2
2033   3
2034   2
2035   7
2036   2
2037   15
2038   2
2039   3
2040   2
2041   13
2042   2
2043   9
2044   2
2045   3
2046   2
2047   151
2048   2
2049   69
2050   2
2051   3
2052   2
2053   0
2054   2
2055   7
2056   2
2057   3
2058   2
2059   0
2060   2
2061   283
2062   2
2063   3
2064   2
2065   0
2066   2
2067   0
2068   2
2069   3
2070   2
2071   285
2072   2
2073   9
2074   2
2075   3
2076   2
2077   7
2078   2
2079   0
2080   2
2081   3
2082   2
2083   0
2084   2
2085   0
2086   2
2087   3
2088   2
2089   43
2090   2
2091   13
2092   2
2093   3
2094   2
2095   0
2096   2
2097   7
2098   2
2099   3
2100   2
2101   21
2102   2
2103   15
2104   2
2105   3
2106   2
2107   9
2108   2
2109   289
2110   2
2111   3
2112   2
2113   0
2114   2
2115   0
2116   2
2117   3
2118   2
2119   7
2120   2
2121   0
2122   2
2123   3
2124   2
2125   0
2126   2
2127   0
2128   2
2129   3
2130   2
2131   111
2132   2
2133   0
2134   2
2135   3
2136   2
2137   9
2138   2
2139   7
2140   2
2141   3
2142   2
2143   37
2144   2
2145   13
2146   2
2147   3
2148   2
2149   25
2150   2
2151   159
2152   2
2153   3
2154   2
2155   31
2156   2
2157   87
2158   2
2159   3
2160   2
2161   7
2162   2
2163   0
2164   2
2165   3
2166   2
2167   15
2168   2
2169   9
2170   2
2171   3
2172   2
2173   0
2174   2
2175   49
2176   2
2177   3
2178   2
2179   63
2180   2
2181   7
2182   2
2183   3
2184   2
2185   297
2186   2
2187   0
2188   2
2189   3
2190   2
2191   73
2192   2
2193   13
2194   2
2195   3
2196   2
2197   21
2198   2
2199   9
2200   2
2201   3
2202   2
2203   7
2204   2
2205   33
2206   2
2207   3
2208   2
2209   0
2210   2
2211   0
2212   2
2213   3
2214   2
2215   0
2216   2
2217   0
2218   2
2219   3
2220   2
2221   0
2222   2
2223   7
2224   2
2225   3
2226   2
2227   163
2228   2
2229   15
2230   2
2231   3
2232   2
2233   9
2234   2
2235   303
2236   2
2237   3
2238   2
2239   0
2240   2
2241   115
2242   2
2243   3
2244   2
2245   7
2246   2
2247   13
2248   2
2249   3
2250   2
2251   0
2252   2
2253   0
2254   2
2255   3
2256   2
2257   0
2258   2
2259   307
2260   2
2261   3
2262   2
2263   9
2264   2
2265   7
2266   2
2267   3
2268   2
2269   25
2270   2
2271   0
2272   2
2273   3
2274   2
2275   75
2276   2
2277   0
2278   2
2279   3
2280   2
2281   0
2282   2
2283   0
2284   2
2285   3
2286   2
2287   7
2288   2
2289   21
2290   2
2291   3
2292   2
2293   15
2294   2
2295   9
2296   2
2297   3
2298   2
2299   13
2300   2
2301   0
2302   2
2303   3
2304   2
2305   51
2306   2
2307   7
2308   2
2309   3
2310   2
2311   0
2312   2
2313   31
2314   2
2315   3
2316   2
2317   0
2318   2
2319   169
2320   2
2321   3
2322   2
2323   0
2324   2
2325   9
2326   2
2327   3
2328   2
2329   7
2330   2
2331   43
2332   2
2333   3
2334   2
2335   0
2336   2
2337   93
2338   2
2339   3
2340   2
2341   37
2342   2
2343   0
2344   2
2345   3
2346   2
2347   13
2348   2
2349   7
2350   2
2351   3
2352   2
2353   67
2354   2
2355   0
2356   2
2357   3
2358   2
2359   9
2360   2
2361   15
2362   2
2363   3
2364   2
2365   0
2366   2
2367   33
2368   2
2369   3
2370   2
2371   7
2372   2
2373   171
2374   2
2375   3
2376   2
2377   319
2378   2
2379   0
2380   2
2381   3
2382   2
2383   25
2384   2
2385   21
2386   2
2387   3
2388   2
2389   9
2390   2
2391   7
2392   2
2393   3
2394   2
2395   0
2396   2
2397   321
2398   2
2399   3
2400   2
2401   13
2402   2
2403   0
2404   2
2405   3
2406   2
2407   0
2408   2
2409   0
2410   2
2411   3
2412   2
2413   7
2414   2
2415   0
2416   2
2417   3
2418   2
2419   0
2420   2
2421   9
2422   2
2423   3
2424   2
2425   15
2426   2
2427   0
2428   2
2429   3
2430   2
2431   79
2432   2
2433   7
2434   2
2435   3
2436   2
2437   327
2438   2
2439   0
2440   2
2441   3
2442   2
2443   49
2444   2
2445   0
2446   2
2447   3
2448   2
2449   13
2450   2
2451   9
2452   2
2453   3
2454   2
2455   7
2456   2
2457   69
2458   2
2459   3
2460   2
2461   0
2462   2
2463   31
2464   2
2465   3
2466   2
2467   0
2468   2
2469   331
2470   2
2471   3
2472   2
2473   0
2474   2
2475   7
2476   2
2477   3
2478   2
2479   0
2480   2
2481   21
2482   2
2483   3
2484   2
2485   9
2486   2
2487   15
2488   2
2489   3
2490   2
2491   0
2492   2
2493   0
2494   2
2495   3
2496   2
2497   7
2498   2
2499   127
2500   2
2501   3
2502   2
2503   13
2504   2
2505   0
2506   2
2507   3
2508   2
2509   25
2510   2
2511   0
2512   2
2513   3
2514   2
2515   9
2516   2
2517   7
2518   2
2519   3
2520   2
2521   99
2522   2
2523   0
2524   2
2525   3
2526   2
2527   0
2528   2
2529   339
2530   2
2531   3
2532   2
2533   63
2534   2
2535   33
2536   2
2537   3
2538   2
2539   7
2540   2
2541   37
2542   2
2543   3
2544   2
2545   0
2546   2
2547   9
2548   2
2549   3
2550   2
2551   15
2552   2
2553   13
2554   2
2555   3
2556   2
2557   0
2558   2
2559   7
2560   2
2561   3
2562   2
2563   0
2564   2
2565   129
2566   2
2567   3
2568   2
2569   43
2570   2
2571   0
2572   2
2573   3
2574   2
2575   0
2576   2
2577   9
2578   2
2579   3
2580   2
2581   7
2582   2
2583   21
2584   2
2585   3
2586   2
2587   0
2588   2
2589   0
2590   2
2591   3
2592   2
2593   0
2594   2
2595   51
2596   2
2597   3
2598   2
2599   0
2600   2
2601   7
2602   2
2603   3
2604   2
2605   13
2606   2
2607   0
2608   2
2609   3
2610   2
2611   9
2612   2
2613   349
2614   2
2615   3
2616   2
2617   15
2618   2
2619   31
2620   2
2621   3
2622   2
2623   7
2624   2
2625   0
2626   2
2627   3
2628   2
2629   25
2630   2
2631   189
2632   2
2633   3
2634   2
2635   0
2636   2
2637   73
2638   2
2639   3
2640   2
2641   9
2642   2
2643   7
2644   2
2645   3
2646   2
2647   0
2648   2
2649   0
2650   2
2651   3
2652   2
2653   0
2654   2
2655   13
2656   2
2657   3
2658   2
2659   133
2660   2
2661   0
2662   2
2663   3
2664   2
2665   7
2666   2
2667   0
2668   2
2669   3
2670   2
2671   0
2672   2
2673   9
2674   2
2675   3
2676   2
2677   21
2678   2
2679   15
2680   2
2681   3
2682   2
2683   357
2684   2
2685   7
2686   2
2687   3
2688   2
2689   0
2690   2
2691   105
2692   2
2693   3
2694   2
2695   193
2696   2
2697   0
2698   2
2699   3
2700   2
2701   87
2702   2
2703   9
2704   2
2705   3
2706   2
2707   7
2708   2
2709   13
2710   2
2711   3
2712   2
2713   33
2714   2
2715   0
2716   2
2717   3
2718   2
2719   49
2720   2
2721   135
2722   2
2723   3
2724   2
2725   0
2726   2
2727   7
2728   2
2729   3
2730   2
2731   361
2732   2
2733   37
2734   2
2735   3
2736   2
2737   9
2738   2
2739   75
2740   2
2741   3
2742   2
2743   15
2744   2
2745   25
2746   2
2747   3
2748   2
2749   7
2750   2
2751   67
2752   2
2753   3
2754   2
2755   0
2756   2
2757   13
2758   2
2759   3
2760   2
2761   195
2762   2
2763   0
2764   2
2765   3
2766   2
2767   9
2768   2
2769   7
2770   2
2771   3
2772   2
2773   0
2774   2
2775   21
2776   2
2777   3
2778   2
2779   31
2780   2
2781   0
2782   2
2783   3
2784   2
2785   0
2786   2
2787   0
2788   2
2789   3
2790   2
2791   7
2792   2
2793   367
2794   2
2795   3
2796   2
2797   0
2798   2
2799   9
2800   2
2801   3
2802   2
2803   43
2804   2
2805   15
2806   2
2807   3
2808   2
2809   13
2810   2
2811   7
2812   2
2813   3
2814   2
2815   0
2816   2
2817   0
2818   2
2819   3
2820   2
2821   0
2822   2
2823   0
2824   2
2825   3
2826   2
2827   0
2828   2
2829   9
2830   2
2831   3
2832   2
2833   7
2834   2
2835   0
2836   2
2837   3
2838   2
2839   201
2840   2
2841   0
2842   2
2843   3
2844   2
2845   0
2846   2
2847   141
2848   2
2849   3
2850   2
2851   0
2852   2
2853   7
2854   2
2855   3
2856   2
2857   69
2858   2
2859   13
2860   2
2861   3
2862   2
2863   9
2864   2
2865   25
2866   2
2867   3
2868   2
2869   21
2870   2
2871   15
2872   2
2873   3
2874   2
2875   7
2876   2
2877   0
2878   2
2879   3
2880   2
2881   111
2882   2
2883   33
2884   2
2885   3
2886   2
2887   0
2888   2
2889   51
2890   2
2891   3
2892   2
2893   9
2894   2
2895   7
2896   2
2897   3
2898   2
2899   0
2900   2
2901   0
2902   2
2903   3
2904   2
2905   0
2906   2
2907   63
2908   2
2909   3
2910   2
2911   13
2912   2
2913   0
2914   2
2915   3
2916   2
2917   7
2918   2
2919   205
2920   2
2921   3
2922   2
2923   0
2924   2
2925   9
2926   2
2927   3
2928   2
2929   31
2930   2
2931   79
2932   2
2933   3
2934   2
2935   15
2936   2
2937   7
2938   2
2939   3
2940   2
2941   37
2942   2
2943   0
2944   2
2945   3
2946   2
2947   93
2948   2
2949   385
2950   2
2951   3
2952   2
2953   0
2954   2
2955   9
2956   2
2957   3
2958   2
2959   7
2960   2
2961   0
2962   2
2963   3
2964   2
2965   13
2966   2
2967   21
2968   2
2969   3
2970   2
2971   0
2972   2
2973   0
2974   2
2975   3
2976   2
2977   0
2978   2
2979   7
2980   2
2981   3
2982   2
2983   0
2984   2
2985   25
2986   2
2987   3
2988   2
2989   9
2990   2
2991   391
2992   2
2993   3
2994   2
2995   49
2996   2
2997   15
2998   2
2999   3
3000   2
3001   7
3002   2
3003   0
3004   2
3005   3
3006   2
3007   0
3008   2
3009   393
3010   2
3011   3
3012   2
3013   13
3014   2
3015   115
3016   2
3017   3
3018   2
3019   9
3020   2
3021   7
3022   2
3023   3
3024   2
3025   211
3026   2
3027   0
3028   2
3029   3
3030   2
3031   0
3032   2
3033   43
3034   2
3035   3
3036   2
3037   0
3038   2
3039   0
3040   2
3041   3
3042   2
3043   7
3044   2
3045   33
3046   2
3047   3
3048   2
3049   0
3050   2
3051   9
3052   2
3053   3
3054   2
3055   0
3056   2
3057   21
3058   2
3059   3
3060   2
3061   15
3062   2
3063   7
3064   2
3065   3
3066   2
3067   13
3068   2
3069   399
3070   2
3071   3
3072   2
3073   0
3074   2
3075   0
3076   2
3077   3
3078   2
3079   73
3080   2
3081   9
3082   2
3083   3
3084   2
3085   7
3086   2
3087   31
3088   2
3089   3
3090   2
3091   0
3092   2
3093   151
3094   2
3095   3
3096   2
3097   0
3098   2
3099   0
3100   2
3101   3
3102   2
3103   25
3104   2
3105   7
3106   2
3107   3
3108   2
3109   0
3110   2
3111   0
3112   2
3113   3
3114   2
3115   9
3116   2
3117   13
3118   2
3119   3
3120   2
3121   0
3122   2
3123   0
3124   2
3125   3
3126   2
3127   7
3128   2
3129   15
3130   2
3131   3
3132   2
3133   0
3134   2
3135   37
3136   2
3137   3
3138   2
3139   219
3140   2
3141   67
3142   2
3143   3
3144   2
3145   9
3146   2
3147   7
3148   2
3149   3
3150   2
3151   409
3152   2
3153   0
3154   2
3155   3
3156   2
3157   21
3158   2
3159   99
3160   2
3161   3
3162   2
3163   0
3164   2
3165   13
3166   2
3167   3
3168   2
3169   7
3170   2
3171   0
3172   2
3173   3
3174   2
3175   0
3176   2
3177   9
3178   2
3179   3
3180   2
3181   51
3182   2
3183   0
3184   2
3185   3
3186   2
3187   0
3188   2
3189   7
3190   2
3191   3
3192   2
3193   15
3194   2
3195   415
3196   2
3197   3
3198   2
3199   0
3200   2
3201   75
3202   2
3203   3
3204   2
3205   223
3206   2
3207   9
3208   2
3209   3
3210   2
3211   7
3212   2
3213   0
3214   2
3215   3
3216   2
3217   33
3218   2
3219   13
3220   2
3221   3
3222   2
3223   0
3224   2
3225   25
3226   2
3227   3
3228   2
3229   0
3230   2
3231   7
3232   2
3233   3
3234   2
3235   0
3236   2
3237   31
3238   2
3239   3
3240   2
3241   9
3242   2
3243   0
3244   2
3245   3
3246   2
3247   421
3248   2
3249   21
3250   2
3251   3
3252   2
3253   7
3254   2
3255   15
3256   2
3257   3
3258   2
3259   0
3260   2
3261   0
3262   2
3263   3
3264   2
3265   87
3266   2
3267   13
3268   2
3269   3
3270   2
3271   9
3272   2
3273   7
3274   2
3275   3
3276   2
3277   49
3278   2
3279   43
3280   2
3281   3
3282   2
3283   159
3284   2
3285   63
3286   2
3287   3
3288   2
3289   0
3290   2
3291   69
3292   2
3293   3
3294   2
3295   7
3296   2
3297   0
3298   2
3299   3
3300   2
3301   0
3302   2
3303   9
3304   2
3305   3
3306   2
3307   0
3308   2
3309   427
3310   2
3311   3
3312   2
3313   0
3314   2
3315   7
3316   2
3317   3
3318   2
3319   15
3320   2
3321   13
3322   2
3323   3
3324   2
3325   0
3326   2
3327   37
3328   2
3329   3
3330   2
3331   429
3332   2
3333   9
3334   2
3335   3
3336   2
3337   7
3338   2
3339   0
3340   2
3341   3
3342   2
3343   231
3344   2
3345   25
3346   2
3347   3
3348   2
3349   21
3350   2
3351   0
3352   2
3353   3
3354   2
3355   0
3356   2
3357   7
3358   2
3359   3
3360   2
3361   127
3362   2
3363   0
3364   2
3365   3
3366   2
3367   9
3368   2
3369   433
3370   2
3371   3
3372   2
3373   13
3374   2
3375   163
3376   2
3377   3
3378   2
3379   7
3380   2
3381   0
3382   2
3383   3
3384   2
3385   15
3386   2
3387   105
3388   2
3389   3
3390   2
3391   33
3392   2
3393   31
3394   2
3395   3
3396   2
3397   9
3398   2
3399   7
3400   2
3401   3
3402   2
3403   0
3404   2
3405   0
3406   2
3407   3
3408   2
3409   0
3410   2
3411   0
3412   2
3413   3
3414   2
3415   235
3416   2
3417   79
3418   2
3419   3
3420   2
3421   7
3422   2
3423   13
3424   2
3425   3
3426   2
3427   0
3428   2
3429   9
3430   2
3431   3
3432   2
3433   0
3434   2
3435   129
3436   2
3437   3
3438   2
3439   0
3440   2
3441   7
3442   2
3443   3
3444   2
3445   21
3446   2
3447   15
3448   2
3449   3
3450   2
3451   0
3452   2
3453   0
3454   2
3455   3
3456   2
3457   237
3458   2
3459   9
3460   2
3461   3
3462   2
3463   7
3464   2
3465   0
3466   2
3467   3
3468   2
3469   25
3470   2
3471   51
3472   2
3473   3
3474   2
3475   13
3476   2
3477   0
3478   2
3479   3
3480   2
3481   0
3482   2
3483   7
3484   2
3485   3
3486   2
3487   0
3488   2
3489   0
3490   2
3491   3
3492   2
3493   9
3494   2
3495   0
3496   2
3497   3
3498   2
3499   0
3500   2
3501   43
3502   2
3503   3
3504   2
3505   7
3506   2
3507   0
3508   2
3509   3
3510   2
3511   15
3512   2
3513   169
3514   2
3515   3
3516   2
3517   73
3518   2
3519   37
3520   2
3521   3
3522   2
3523   9
3524   2
3525   7
3526   2
3527   3
3528   2
3529   13
3530   2
3531   451
3532   2
3533   3
3534   2
3535   93
3536   2
3537   67
3538   2
3539   3
3540   2
3541   21
3542   2
3543   49
3544   2
3545   3
3546   2
3547   7
3548   2
3549   31
3550   2
3551   3
3552   2
3553   241
3554   2
3555   9
3556   2
3557   3
3558   2
3559   0
3560   2
3561   33
3562   2
3563   3
3564   2
3565   0
3566   2
3567   7
3568   2
3569   3
3570   2
3571   0
3572   2
3573   15
3574   2
3575   3
3576   2
3577   13
3578   2
3579   0
3580   2
3581   3
3582   2
3583   133
3584   2
3585   9
3586   2
3587   3
3588   2
3589   7
3590   2
3591   25
3592   2
3593   3
3594   2
3595   0
3596   2
3597   0
3598   2
3599   3
3600   2
3601   171
3602   2
3603   0
3604   2
3605   3
3606   2
3607   0
3608   2
3609   7
3610   2
3611   3
3612   2
3613   0
3614   2
3615   111
3616   2
3617   3
3618   2
3619   9
3620   2
3621   0
3622   2
3623   3
3624   2
3625   0
3626   2
3627   13
3628   2
3629   3
3630   2
3631   7
3632   2
3633   0
3634   2
3635   3
3636   2
3637   21
3638   2
3639   15
3640   2
3641   3
3642   2
3643   463
3644   2
3645   63
3646   2
3647   3
3648   2
3649   9
3650   2
3651   7
3652   2
3653   3
3654   2
3655   0
3656   2
3657   135
3658   2
3659   3
3660   2
3661   0
3662   2
3663   0
3664   2
3665   3
3666   2
3667   75
3668   2
3669   0
3670   2
3671   3
3672   2
3673   7
3674   2
3675   0
3676   2
3677   3
3678   2
3679   13
3680   2
3681   9
3682   2
3683   3
3684   2
3685   0
3686   2
3687   0
3688   2
3689   3
3690   2
3691   69
3692   2
3693   7
3694   2
3695   3
3696   2
3697   0
3698   2
3699   31
3700   2
3701   3
3702   2
3703   15
3704   2
3705   25
3706   2
3707   3
3708   2
3709   0
3710   2
3711   9
3712   2
3713   3
3714   2
3715   7
3716   2
3717   0
3718   2
3719   3
3720   2
3721   0
3722   2
3723   37
3724   2
3725   3
3726   2
3727   0
3728   2
3729   13
3730   2
3731   3
3732   2
3733   21
3734   2
3735   7
3736   2
3737   3
3738   2
3739   33
3740   2
3741   475
3742   2
3743   3
3744   2
3745   9
3746   2
3747   0
3748   2
3749   3
3750   2
3751   43
3752   2
3753   0
3754   2
3755   3
3756   2
3757   7
3758   2
3759   477
3760   2
3761   3
3762   2
3763   0
3764   2
3765   15
3766   2
3767   3
3768   2
3769   51
3770   2
3771   0
3772   2
3773   3
3774   2
3775   9
3776   2
3777   7
3778   2
3779   3
3780   2
3781   0
3782   2
3783   13
3784   2
3785   3
3786   2
3787   115
3788   2
3789   0
3790   2
3791   3
3792   2
3793   0
3794   2
3795   0
3796   2
3797   3
3798   2
3799   7
3800   2
3801   99
3802   2
3803   3
3804   2
3805   483
3806   2
3807   9
3808   2
3809   3
3810   2
3811   0
3812   2
3813   49
3814   2
3815   3
3816   2
3817   87
3818   2
3819   7
3820   2
3821   3
3822   2
3823   25
3824   2
3825   21
3826   2
3827   3
3828   2
3829   15
3830   2
3831   13
3832   2
3833   3
3834   2
3835   259
3836   2
3837   9
3838   2
3839   3
3840   2
3841   7
3842   2
3843   0
3844   2
3845   3
3846   2
3847   0
3848   2
3849   0
3850   2
3851   3
3852   2
3853   141
3854   2
3855   487
3856   2
3857   3
3858   2
3859   31
3860   2
3861   7
3862   2
3863   3
3864   2
3865   0
3866   2
3867   261
3868   2
3869   3
3870   2
3871   9
3872   2
3873   0
3874   2
3875   3
3876   2
3877   489
3878   2
3879   0
3880   2
3881   3
3882   2
3883   7
3884   2
3885   13
3886   2
3887   3
3888   2
3889   0
3890   2
3891   0
3892   2
3893   3
3894   2
3895   15
3896   2
3897   0
3898   2
3899   3
3900   2
3901   9
3902   2
3903   7
3904   2
3905   3
3906   2
3907   33
3908   2
3909   0
3910   2
3911   3
3912   2
3913   79
3914   2
3915   0
3916   2
3917   3
3918   2
3919   37
3920   2
3921   21
3922   2
3923   3
3924   2
3925   7
3926   2
3927   495
3928   2
3929   3
3930   2
3931   0
3932   2
3933   9
3934   2
3935   3
3936   2
3937   13
3938   2
3939   67
3940   2
3941   3
3942   2
3943   0
3944   2
3945   7
3946   2
3947   3
3948   2
3949   25
3950   2
3951   0
3952   2
3953   3
3954   2
3955   0
3956   2
3957   15
3958   2
3959   3
3960   2
3961   267
3962   2
3963   9
3964   2
3965   3
3966   2
3967   7
3968   2
3969   0
3970   2
3971   3
3972   2
3973   73
3974   2
3975   0
3976   2
3977   3
3978   2
3979   43
3980   2
3981   0
3982   2
3983   3
3984   2
3985   13
3986   2
3987   7
3988   2
3989   3
3990   2
3991   0
3992   2
3993   189
3994   2
3995   3
3996   2
3997   9
3998   2
3999   0
4000   2
4001   3
4002   2
4003   0
4004   2
4005   63
4006   2
4007   3
4008   2
4009   7
4010   2
4011   31
4012   2
4013   3
4014   2
4015   0
4016   2
4017   21
4018   2
4019   3
4020   2
4021   15
4022   2
4023   0
4024   2
4025   3
4026   2
4027   9
4028   2
4029   7
4030   2
4031   3
4032   2
4033   0
4034   2
4035   0
4036   2
4037   3
4038   2
4039   13
4040   2
4041   0
4042   2
4043   3
4044   2
4045   0
4046   2
4047   511
4048   2
4049   3
4050   2
4051   7
4052   2
4053   51
4054   2
4055   3
4056   2
4057   273
4058   2
4059   9
4060   2
4061   3
4062   2
4063   0
4064   2
4065   25
4066   2
4067   3
4068   2
4069   0
4070   2
4071   7
4072   2
4073   3
4074   2
4075   33
4076   2
4077   105
4078   2
4079   3
4080   2
4081   0
4082   2
4083   15
4084   2
4085   3
4086   2
4087   13
4088   2
4089   9
4090   2
4091   3
4092   2
4093   7
4094   2
4095   0
4096   2
4097   3
4098   2
4099   49
4100   2
4101   193
4102   2
4103   3
4104   2
4105   0
4106   2
4107   0
4108   2
4109   3
4110   2
4111   517
4112   2
4113   7
4114   2
4115   3
4116   2
4117   21
4118   2
4119   37
4120   2
4121   3
4122   2
4123   9
4124   2
4125   69
4126   2
4127   3
4128   2
4129   0
4130   2
4131   0
4132   2
4133   3
4134   2
4135   7
4136   2
4137   93
4138   2
4139   3
4140   2
4141   13
4142   2
4143   75
4144   2
4145   3
4146   2
4147   519
4148   2
4149   15
4150   2
4151   3
4152   2
4153   9
4154   2
4155   7
4156   2
4157   3
4158   2
4159   151
4160   2
4161   0
4162   2
4163   3
4164   2
4165   0
4166   2
4167   31
4168   2
4169   3
4170   2
4171   195
4172   2
4173   0
4174   2
4175   3
4176   2
4177   7
4178   2
4179   0
4180   2
4181   3
4182   2
4183   25
4184   2
4185   9
4186   2
4187   3
4188   2
4189   0
4190   2
4191   13
4192   2
4193   3
4194   2
4195   0
4196   2
4197   7
4198   2
4199   3
4200   2
4201   0
4202   2
4203   0
4204   2
4205   3
4206   2
4207   0
4208   2
4209   21
4210   2
4211   3
4212   2
4213   15
4214   2
4215   9
4216   2
4217   3
4218   2
4219   7
4220   2
4221   43
4222   2
4223   3
4224   2
4225   127
4226   2
4227   0
4228   2
4229   3
4230   2
4231   529
4232   2
4233   283
4234   2
4235   3
4236   2
4237   0
4238   2
4239   7
4240   2
4241   3
4242   2
4243   13
4244   2
4245   33
4246   2
4247   3
4248   2
4249   9
4250   2
4251   0
4252   2
4253   3
4254   2
4255   0
4256   2
4257   0
4258   2
4259   3
4260   2
4261   7
4262   2
4263   0
4264   2
4265   3
4266   2
4267   285
4268   2
4269   0
4270   2
4271   3
4272   2
4273   535
4274   2
4275   15
4276   2
4277   3
4278   2
4279   9
4280   2
4281   7
4282   2
4283   3
4284   2
4285   0
4286   2
4287   0
4288   2
4289   3
4290   2
4291   201
4292   2
4293   13
4294   2
4295   3
4296   2
4297   129
4298   2
4299   537
4300   2
4301   3
4302   2
4303   7
4304   2
4305   25
4306   2
4307   3
4308   2
4309   21
4310   2
4311   9
4312   2
4313   3
4314   2
4315   0
4316   2
4317   37
4318   2
4319   3
4320   2
4321   0
4322   2
4323   7
4324   2
4325   3
4326   2
4327   31
4328   2
4329   0
4330   2
4331   3
4332   2
4333   67
4334   2
4335   0
4336   2
4337   3
4338   2
4339   15
4340   2
4341   9
4342   2
4343   3
4344   2
4345   7
4346   2
4347   13
4348   2
4349   3
4350   2
4351   111
4352   2
4353   51
4354   2
4355   3
4356   2
4357   289
4358   2
4359   541
4360   2
4361   3
4362   2
4363   0
4364   2
4365   7
4366   2
4367   3
4368   2
4369   49
4370   2
4371   87
4372   2
4373   3
4374   2
4375   9
4376   2
4377   0
4378   2
4379   3
4380   2
4381   63
4382   2
4383   0
4384   2
4385   3
4386   2
4387   7
4388   2
4389   0
4390   2
4391   3
4392   2
4393   159
4394   2
4395   13
4396   2
4397   3
4398   2
4399   0
4400   2
4401   21
4402   2
4403   3
4404   2
4405   9
4406   2
4407   7
4408   2
4409   3
4410   2
4411   15
4412   2
4413   0
4414   2
4415   3
4416   2
4417   33
4418   2
4419   79
4420   2
4421   3
4422   2
4423   73
4424   2
4425   25
4426   2
4427   3
4428   2
4429   7
4430   2
4431   0
4432   2
4433   3
4434   2
4435   205
4436   2
4437   9
4438   2
4439   3
4440   2
4441   0
4442   2
4443   0
4444   2
4445   3
4446   2
4447   13
4448   2
4449   7
4450   2
4451   3
4452   2
4453   43
4454   2
4455   0
4456   2
4457   3
4458   2
4459   99
4460   2
4461   0
4462   2
4463   3
4464   2
4465   0
4466   2
4467   9
4468   2
4469   3
4470   2
4471   7
4472   2
4473   15
4474   2
4475   3
4476   2
4477   553
4478   2
4479   31
4480   2
4481   3
4482   2
4483   0
4484   2
4485   0
4486   2
4487   3
4488   2
4489   133
4490   2
4491   7
4492   2
4493   3
4494   2
4495   0
4496   2
4497   13
4498   2
4499   3
4500   2
4501   9
4502   2
4503   21
4504   2
4505   3
4506   2
4507   297
4508   2
4509   0
4510   2
4511   3
4512   2
4513   7
4514   2
4515   37
4516   2
4517   3
4518   2
4519   0
4520   2
4521   0
4522   2
4523   3
4524   2
4525   559
4526   2
4527   69
4528   2
4529   3
4530   2
4531   9
4532   2
4533   7
4534   2
4535   3
4536   2
4537   15
4538   2
4539   0
4540   2
4541   3
4542   2
4543   163
4544   2
4545   25
4546   2
4547   3
4548   2
4549   13
4550   2
4551   0
4552   2
4553   3
4554   2
4555   7
4556   2
4557   115
4558   2
4559   3
4560   2
4561   0
4562   2
4563   9
4564   2
4565   3
4566   2
4567   0
4568   2
4569   0
4570   2
4571   3
4572   2
4573   0
4574   2
4575   7
4576   2
4577   3
4578   2
4579   211
4580   2
4581   33
4582   2
4583   3
4584   2
4585   135
4586   2
4587   0
4588   2
4589   3
4590   2
4591   21
4592   2
4593   9
4594   2
4595   3
4596   2
4597   7
4598   2
4599   15
4600   2
4601   3
4602   2
4603   13
4604   2
4605   75
4606   2
4607   3
4608   2
4609   0
4610   2
4611   0
4612   2
4613   3
4614   2
4615   303
4616   2
4617   7
4618   2
4619   3
4620   2
4621   0
4622   2
4623   0
4624   2
4625   3
4626   2
4627   9
4628   2
4629   0
4630   2
4631   3
4632   2
4633   31
4634   2
4635   51
4636   2
4637   3
4638   2
4639   7
4640   2
4641   49
4642   2
4643   3
4644   2
4645   0
4646   2
4647   0
4648   2
4649   3
4650   2
4651   13
4652   2
4653   0
4654   2
4655   3
4656   2
4657   9
4658   2
4659   7
4660   2
4661   3
4662   2
4663   0
4664   2
4665   15
4666   2
4667   3
4668   2
4669   25
4670   2
4671   0
4672   2
4673   3
4674   2
4675   0
4676   2
4677   307
4678   2
4679   3
4680   2
4681   7
4682   2
4683   43
4684   2
4685   3
4686   2
4687   577
4688   2
4689   9
4690   2
4691   3
4692   2
4693   21
4694   2
4695   0
4696   2
4697   3
4698   2
4699   0
4700   2
4701   7
4702   2
4703   3
4704   2
4705   13
4706   2
4707   579
4708   2
4709   3
4710   2
4711   37
4712   2
4713   0
4714   2
4715   3
4716   2
4717   0
4718   2
4719   9
4720   2
4721   3
4722   2
4723   7
4724   2
4725   0
4726   2
4727   3
4728   2
4729   15
4730   2
4731   93
4732   2
4733   3
4734   2
4735   67
4736   2
4737   169
4738   2
4739   3
4740   2
4741   0
4742   2
4743   7
4744   2
4745   3
4746   2
4747   63
4748   2
4749   33
4750   2
4751   3
4752   2
4753   9
4754   2
4755   13
4756   2
4757   3
4758   2
4759   583
4760   2
4761   0
4762   2
4763   3
4764   2
4765   7
4766   2
4767   0
4768   2
4769   3
4770   2
4771   105
4772   2
4773   0
4774   2
4775   3
4776   2
4777   219
4778   2
4779   25
4780   2
4781   3
4782   2
4783   9
4784   2
4785   7
4786   2
4787   3
4788   2
4789   21
4790   2
4791   15
4792   2
4793   3
4794   2
4795   31
4796   2
4797   0
4798   2
4799   3
4800   2
4801   0
4802   2
4803   13
4804   2
4805   3
4806   2
4807   7
4808   2
4809   0
4810   2
4811   3
4812   2
4813   0
4814   2
4815   9
4816   2
4817   3
4818   2
4819   0
4820   2
4821   171
4822   2
4823   3
4824   2
4825   141
4826   2
4827   7
4828   2
4829   3
4830   2
4831   591
4832   2
4833   0
4834   2
4835   3
4836   2
4837   0
4838   2
4839   0
4840   2
4841   3
4842   2
4843   0
4844   2
4845   9
4846   2
4847   3
4848   2
4849   7
4850   2
4851   0
4852   2
4853   3
4854   2
4855   15
4856   2
4857   13
4858   2
4859   3
4860   2
4861   73
4862   2
4863   0
4864   2
4865   3
4866   2
4867   0
4868   2
4869   7
4870   2
4871   3
4872   2
4873   319
4874   2
4875   223
4876   2
4877   3
4878   2
4879   9
4880   2
4881   0
4882   2
4883   3
4884   2
4885   21
4886   2
4887   0
4888   2
4889   3
4890   2
4891   7
4892   2
4893   0
4894   2
4895   3
4896   2
4897   79
4898   2
4899   37
4900   2
4901   3
4902   2
4903   25
4904   2
4905   13
4906   2
4907   3
4908   2
4909   9
4910   2
4911   7
4912   2
4913   3
4914   2
4915   601
4916   2
4917   49
4918   2
4919   3
4920   2
4921   15
4922   2
4923   43
4924   2
4925   3
4926   2
4927   33
4928   2
4929   0
4930   2
4931   3
4932   2
4933   7
4934   2
4935   87
4936   2
4937   3
4938   2
4939   51
4940   2
4941   9
4942   2
4943   3
4944   2
4945   31
4946   2
4947   321
4948   2
4949   3
4950   2
4951   0
4952   2
4953   7
4954   2
4955   3
4956   2
4957   69
4958   2
4959   13
4960   2
4961   3
4962   2
4963   0
4964   2
4965   0
4966   2
4967   3
4968   2
4969   0
4970   2
4971   9
4972   2
4973   3
4974   2
4975   7
4976   2
4977   0
4978   2
4979   3
4980   2
4981   21
4982   2
4983   15
4984   2
4985   3
4986   2
4987   0
4988   2
4989   0
4990   2
4991   3
4992   2
4993   0
4994   2
4995   7
4996   2
4997   3
4998   2
4999   0
5000   2
5001   0
5002   2
5003   3
5004   2
5005   9
5006   2
5007   0
5008   2
5009   3
5010   2
5011   13
5012   2
5013   613
5014   2
5015   3
5016   2
5017   7
5018   2
5019   0
5020   2
5021   3
5022   2
5023   327
5024   2
5025   25
5026   2
5027   3
5028   2
5029   0
5030   2
5031   615
5032   2
5033   3
5034   2
5035   9
5036   2
5037   7
5038   2
5039   3
5040   2
5041   0
5042   2
5043   0
5044   2
5045   3
5046   2
5047   15
5048   2
5049   0
5050   2
5051   3
5052   2
5053   0
5054   2
5055   75
5056   2
5057   3
5058   2
5059   7
5060   2
5061   13
5062   2
5063   3
5064   2
5065   127
5066   2
5067   9
5068   2
5069   3
5070   2
5071   231
5072   2
5073   619
5074   2
5075   3
5076   2
5077   21
5078   2
5079   7
5080   2
5081   3
5082   2
5083   111
5084   2
5085   99
5086   2
5087   3
5088   2
5089   0
5090   2
5091   33
5092   2
5093   3
5094   2
5095   31
5096   2
5097   9
5098   2
5099   3
5100   2
5101   7
5102   2
5103   0
5104   2
5105   3
5106   2
5107   37
5108   2
5109   15
5110   2
5111   3
5112   2
5113   13
5114   2
5115   331
5116   2
5117   3
5118   2
5119   63
5120   2
5121   7
5122   2
5123   3
5124   2
5125   621
5126   2
5127   0
5128   2
5129   3
5130   2
5131   9
5132   2
5133   67
5134   2
5135   3
5136   2
5137   0
5138   2
5139   0
5140   2
5141   3
5142   2
5143   7
5144   2
5145   25
5146   2
5147   3
5148   2
5149   0
5150   2
5151   0
5152   2
5153   3
5154   2
5155   43
5156   2
5157   0
5158   2
5159   3
5160   2
5161   9
5162   2
5163   7
5164   2
5165   3
5166   2
5167   13
5168   2
5169   0
5170   2
5171   3
5172   2
5173   21
5174   2
5175   15
5176   2
5177   3
5178   2
5179   0
5180   2
5181   0
5182   2
5183   3
5184   2
5185   7
5186   2
5187   235
5188   2
5189   3
5190   2
5191   0
5192   2
5193   9
5194   2
5195   3
5196   2
5197   49
5198   2
5199   129
5200   2
5201   3
5202   2
5203   631
5204   2
5205   7
5206   2
5207   3
5208   2
5209   151
5210   2
5211   0
5212   2
5213   3
5214   2
5215   13
5216   2
5217   0
5218   2
5219   3
5220   2
5221   51
5222   2
5223   9
5224   2
5225   3
5226   2
5227   7
5228   2
5229   0
5230   2
5231   3
5232   2
5233   0
5234   2
5235   0
5236   2
5237   3
5238   2
5239   15
5240   2
5241   339
5242   2
5243   3
5244   2
5245   237
5246   2
5247   7
5248   2
5249   3
5250   2
5251   31
5252   2
5253   0
5254   2
5255   3
5256   2
5257   9
5258   2
5259   0
5260   2
5261   3
5262   2
5263   25
5264   2
5265   13
5266   2
5267   3
5268   2
5269   7
5270   2
5271   21
5272   2
5273   3
5274   2
5275   33
5276   2
5277   0
5278   2
5279   3
5280   2
5281   639
5282   2
5283   0
5284   2
5285   3
5286   2
5287   9
5288   2
5289   7
5290   2
5291   3
5292   2
5293   0
5294   2
5295   0
5296   2
5297   3
5298   2
5299   0
5300   2
5301   15
5302   2
5303   3
5304   2
5305   37
5306   2
5307   643
5308   2
5309   3
5310   2
5311   7
5312   2
5313   73
5314   2
5315   3
5316   2
5317   13
5318   2
5319   9
5320   2
5321   3
5322   2
5323   115
5324   2
5325   0
5326   2
5327   3
5328   2
5329   93
5330   2
5331   7
5332   2
5333   3
5334   2
5335   0
5336   2
5337   645
5338   2
5339   3
5340   2
5341   0
5342   2
5343   0
5344   2
5345   3
5346   2
5347   189
5348   2
5349   9
5350   2
5351   3
5352   2
5353   7
5354   2
5355   69
5356   2
5357   3
5358   2
5359   241
5360   2
5361   21
5362   2
5363   3
5364   2
5365   15
5366   2
5367   13
5368   2
5369   3
5370   2
5371   0
5372   2
5373   7
5374   2
5375   3
5376   2
5377   0
5378   2
5379   0
5380   2
5381   3
5382   2
5383   9
5384   2
5385   0
5386   2
5387   3
5388   2
5389   25
5390   2
5391   43
5392   2
5393   3
5394   2
5395   7
5396   2
5397   133
5398   2
5399   3
5400   2
5401   651
5402   2
5403   79
5404   2
5405   3
5406   2
5407   31
5408   2
5409   0
5410   2
5411   3
5412   2
5413   9
5414   2
5415   7
5416   2
5417   3
5418   2
5419   0
5420   2
5421   13
5422   2
5423   3
5424   2
5425   349
5426   2
5427   0
5428   2
5429   3
5430   2
5431   15
5432   2
5433   0
5434   2
5435   3
5436   2
5437   7
5438   2
5439   33
5440   2
5441   3
5442   2
5443   655
5444   2
5445   9
5446   2
5447   3
5448   2
5449   0
5450   2
5451   105
5452   2
5453   3
5454   2
5455   0
5456   2
5457   7
5458   2
5459   3
5460   2
5461   21
5462   2
5463   0
5464   2
5465   3
5466   2
5467   49
5468   2
5469   13
5470   2
5471   3
5472   2
5473   0
5474   2
5475   9
5476   2
5477   3
5478   2
5479   7
5480   2
5481   87
5482   2
5483   3
5484   2
5485   63
5486   2
5487   0
5488   2
5489   3
5490   2
5491   0
5492   2
5493   15
5494   2
5495   3
5496   2
5497   37
5498   2
5499   7
5500   2
5501   3
5502   2
5503   0
5504   2
5505   25
5506   2
5507   3
5508   2
5509   9
5510   2
5511   193
5512   2
5513   3
5514   2
5515   0
5516   2
5517   51
5518   2
5519   3
5520   2
5521   7
5522   2
5523   13
5524   2
5525   3
5526   2
5527   0
5528   2
5529   135
5530   2
5531   3
5532   2
5533   67
5534   2
5535   75
5536   2
5537   3
5538   2
5539   9
5540   2
5541   7
5542   2
5543   3
5544   2
5545   159
5546   2
5547   0
5548   2
5549   3
5550   2
5551   0
5552   2
5553   21
5554   2
5555   3
5556   2
5557   15
5558   2
5559   0
5560   2
5561   3
5562   2
5563   7
5564   2
5565   31
5566   2
5567   3
5568   2
5569   0
5570   2
5571   9
5572   2
5573   3
5574   2
5575   13
5576   2
5577   0
5578   2
5579   3
5580   2
5581   357
5582   2
5583   7
5584   2
5585   3
5586   2
5587   0
5588   2
5589   0
5590   2
5591   3
5592   2
5593   0
5594   2
5595   195
5596   2
5597   3
5598   2
5599   0
5600   2
5601   9
5602   2
5603   3
5604   2
5605   7
5606   2
5607   33
5608   2
5609   3
5610   2
5611   673
5612   2
5613   0
5614   2
5615   3
5616   2
5617   0
5618   2
5619   15
5620   2
5621   3
5622   2
5623   13
5624   2
5625   7
5626   2
5627   3
5628   2
5629   25
5630   2
5631   43
5632   2
5633   3
5634   2
5635   9
5636   2
5637   0
5638   2
5639   3
5640   2
5641   0
5642   2
5643   361
5644   2
5645   3
5646   2
5647   7
5648   2
5649   0
5650   2
5651   3
5652   2
5653   21
5654   2
5655   0
5656   2
5657   3
5658   2
5659   679
5660   2
5661   0
5662   2
5663   3
5664   2
5665   9
5666   2
5667   7
5668   2
5669   3
5670   2
5671   0
5672   2
5673   0
5674   2
5675   3
5676   2
5677   13
5678   2
5679   0
5680   2
5681   3
5682   2
5683   163
5684   2
5685   15
5686   2
5687   3
5688   2
5689   7
5690   2
5691   0
5692   2
5693   3
5694   2
5695   37
5696   2
5697   9
5698   2
5699   3
5700   2
5701   0
5702   2
5703   685
5704   2
5705   3
5706   2
5707   0
5708   2
5709   7
5710   2
5711   3
5712   2
5713   0
5714   2
5715   31
5716   2
5717   3
5718   2
5719   0
5720   2
5721   99
5722   2
5723   3
5724   2
5725   13
5726   2
5727   9
5728   2
5729   3
5730   2
5731   7
5732   2
5733   367
5734   2
5735   3
5736   2
5737   0
5738   2
5739   49
5740   2
5741   3
5742   2
5743   25
5744   2
5745   21
5746   2
5747   3
5748   2
5749   15
5750   2
5751   7
5752   2
5753   3
5754   2
5755   0
5756   2
5757   73
5758   2
5759   3
5760   2
5761   9
5762   2
5763   0
5764   2
5765   3
5766   2
5767   0
5768   2
5769   0
5770   2
5771   3
5772   2
5773   7
5774   2
5775   69
5776   2
5777   3
5778   2
5779   13
5780   2
5781   33
5782   2
5783   3
5784   2
5785   693
5786   2
5787   201
5788   2
5789   3
5790   2
5791   9
5792   2
5793   7
5794   2
5795   3
5796   2
5797   259
5798   2
5799   141
5800   2
5801   3
5802   2
5803   0
5804   2
5805   51
5806   2
5807   3
5808   2
5809   0
5810   2
5811   15
5812   2
5813   3
5814   2
5815   7
5816   2
5817   0
5818   2
5819   3
5820   2
5821   111
5822   2
5823   9
5824   2
5825   3
5826   2
5827   0
5828   2
5829   13
5830   2
5831   3
5832   2
5833   0
5834   2
5835   7
5836   2
5837   3
5838   2
5839   0
5840   2
5841   699
5842   2
5843   3
5844   2
5845   21
5846   2
5847   63
5848   2
5849   3
5850   2
5851   0
5852   2
5853   9
5854   2
5855   3
5856   2
5857   7
5858   2
5859   43
5860   2
5861   3
5862   2
5863   261
5864   2
5865   25
5866   2
5867   3
5868   2
5869   0
5870   2
5871   31
5872   2
5873   3
5874   2
5875   15
5876   2
5877   7
5878   2
5879   3
5880   2
5881   13
5882   2
5883   0
5884   2
5885   3
5886   2
5887   9
5888   2
5889   0
5890   2
5891   3
5892   2
5893   0
5894   2
5895   37
5896   2
5897   3
5898   2
5899   7
5900   2
5901   0
5902   2
5903   3
5904   2
5905   0
5906   2
5907   79
5908   2
5909   3
5910   2
5911   0
5912   2
5913   0
5914   2
5915   3
5916   2
5917   9
5918   2
5919   7
5920   2
5921   3
5922   2
5923   0
5924   2
5925   67
5926   2
5927   3
5928   2
5929   93
5930   2
5931   13
5932   2
5933   3
5934   2
5935   127
5936   2
5937   21
5938   2
5939   3
5940   2
5941   7
5942   2
5943   15
5944   2
5945   3
5946   2
5947   205
5948   2
5949   9
5950   2
5951   3
5952   2
5953   33
5954   2
5955   169
5956   2
5957   3
5958   2
5959   0
5960   2
5961   7
5962   2
5963   3
5964   2
5965   0
5966   2
5967   0
5968   2
5969   3
5970   2
5971   0
5972   2
5973   0
5974   2
5975   3
5976   2
5977   0
5978   2
5979   9
5980   2
5981   3
5982   2
5983   7
5984   2
5985   13
5986   2
5987   3
5988   2
5989   25
5990   2
5991   0
5992   2
5993   3
5994   2
5995   75
5996   2
5997   0
5998   2
5999   3
6000   2
6001   717
6002   2
6003   7
6004   2
6005   3
6006   2
6007   15
6008   2
6009   0
6010   2
6011   3
6012   2
6013   9
6014   2
6015   49
6016   2
6017   3
6018   2
6019   0
6020   2
6021   267
6022   2
6023   3
6024   2
6025   7
6026   2
6027   31
6028   2
6029   3
6030   2
6031   0
6032   2
6033   13
6034   2
6035   3
6036   2
6037   21
6038   2
6039   87
6040   2
6041   3
6042   2
6043   9
6044   2
6045   7
6046   2
6047   3
6048   2
6049   0
6050   2
6051   171
6052   2
6053   3
6054   2
6055   0
6056   2
6057   385
6058   2
6059   3
6060   2
6061   0
6062   2
6063   129
6064   2
6065   3
6066   2
6067   7
6068   2
6069   15
6070   2
6071   3
6072   2
6073   723
6074   2
6075   9
6076   2
6077   3
6078   2
6079   0
6080   2
6081   115
6082   2
6083   3
6084   2
6085   13
6086   2
6087   7
6088   2
6089   3
6090   2
6091   37
6092   2
6093   0
6094   2
6095   3
6096   2
6097   43
6098   2
6099   51
6100   2
6101   3
6102   2
6103   25
6104   2
6105   9
6106   2
6107   3
6108   2
6109   7
6110   2
6111   0
6112   2
6113   3
6114   2
6115   0
6116   2
6117   33
6118   2
6119   3
6120   2
6121   727
6122   2
6123   0
6124   2
6125   3
6126   2
6127   21
6128   2
6129   7
6130   2
6131   3
6132   2
6133   15
6134   2
6135   13
6136   2
6137   3
6138   2
6139   9
6140   2
6141   0
6142   2
6143   3
6144   2
6145   729
6146   2
6147   0
6148   2
6149   3
6150   2
6151   7
6152   2
6153   105
6154   2
6155   3
6156   2
6157   211
6158   2
6159   0
6160   2
6161   3
6162   2
6163   0
6164   2
6165   391
6166   2
6167   3
6168   2
6169   9
6170   2
6171   7
6172   2
6173   3
6174   2
6175   0
6176   2
6177   0
6178   2
6179   3
6180   2
6181   31
6182   2
6183   273
6184   2
6185   3
6186   2
6187   13
6188   2
6189   69
6190   2
6191   3
6192   2
6193   7
6194   2
6195   0
6196   2
6197   3
6198   2
6199   15
6200   2
6201   9
6202   2
6203   3
6204   2
6205   73
6206   2
6207   735
6208   2
6209   3
6210   2
6211   0
6212   2
6213   7
6214   2
6215   3
6216   2
6217   63
6218   2
6219   393
6220   2
6221   3
6222   2
6223   25
6224   2
6225   21
6226   2
6227   3
6228   2
6229   0
6230   2
6231   9
6232   2
6233   3
6234   2
6235   7
6236   2
6237   0
6238   2
6239   3
6240   2
6241   13
6242   2
6243   0
6244   2
6245   3
6246   2
6247   739
6248   2
6249   0
6250   2
6251   3
6252   2
6253   0
6254   2
6255   7
6256   2
6257   3
6258   2
6259   151
6260   2
6261   15
6262   2
6263   3
6264   2
6265   9
6266   2
6267   741
6268   2
6269   3
6270   2
6271   0
6272   2
6273   0
6274   2
6275   3
6276   2
6277   7
6278   2
6279   0
6280   2
6281   3
6282   2
6283   37
6284   2
6285   33
6286   2
6287   3
6288   2
6289   13
6290   2
6291   49
6292   2
6293   3
6294   2
6295   9
6296   2
6297   7
6298   2
6299   3
6300   2
6301   0
6302   2
6303   745
6304   2
6305   3
6306   2
6307   133
6308   2
6309   0
6310   2
6311   3
6312   2
6313   399
6314   2
6315   67
6316   2
6317   3
6318   2
6319   7
6320   2
6321   21
6322   2
6323   3
6324   2
6325   15
6326   2
6327   9
6328   2
6329   3
6330   2
6331   0
6332   2
6333   43
6334   2
6335   3
6336   2
6337   31
6338   2
6339   7
6340   2
6341   3
6342   2
6343   13
6344   2
6345   0
6346   2
6347   3
6348   2
6349   25
6350   2
6351   0
6352   2
6353   3
6354   2
6355   0
6356   2
6357   9
6358   2
6359   3
6360   2
6361   7
6362   2
6363   0
6364   2
6365   3
6366   2
6367   0
6368   2
6369   0
6370   2
6371   3
6372   2
6373   0
6374   2
6375   99
6376   2
6377   3
6378   2
6379   0
6380   2
6381   7
6382   2
6383   3
6384   2
6385   0
6386   2
6387   15
6388   2
6389   3
6390   2
6391   9
6392   2
6393   13
6394   2
6395   3
6396   2
6397   51
6398   2
6399   0
6400   2
6401   3
6402   2
6403   7
6404   2
6405   79
6406   2
6407   3
6408   2
6409   219
6410   2
6411   0
6412   2
6413   3
6414   2
6415   0
6416   2
6417   21
6418   2
6419   3
6420   2
6421   9
6422   2
6423   7
6424   2
6425   3
6426   2
6427   0
6428   2
6429   283
6430   2
6431   3
6432   2
6433   0
6434   2
6435   0
6436   2
6437   3
6438   2
6439   135
6440   2
6441   13
6442   2
6443   3
6444   2
6445   7
6446   2
6447   0
6448   2
6449   3
6450   2
6451   75
6452   2
6453   9
6454   2
6455   3
6456   2
6457   15
6458   2
6459   33
6460   2
6461   3
6462   2
6463   0
6464   2
6465   7
6466   2
6467   3
6468   2
6469   25
6470   2
6471   0
6472   2
6473   3
6474   2
6475   0
6476   2
6477   0
6478   2
6479   3
6480   2
6481   37
6482   2
6483   9
6484   2
6485   3
6486   2
6487   7
6488   2
6489   409
6490   2
6491   3
6492   2
6493   31
6494   2
6495   13
6496   2
6497   3
6498   2
6499   285
6500   2
6501   0
6502   2
6503   3
6504   2
6505   0
6506   2
6507   7
6508   2
6509   3
6510   2
6511   769
6512   2
6513   21
6514   2
6515   3
6516   2
6517   9
6518   2
6519   15
6520   2
6521   3
6522   2
6523   0
6524   2
6525   93
6526   2
6527   3
6528   2
6529   7
6530   2
6531   0
6532   2
6533   3
6534   2
6535   0
6536   2
6537   223
6538   2
6539   3
6540   2
6541   0
6542   2
6543   13
6544   2
6545   3
6546   2
6547   9
6548   2
6549   7
6550   2
6551   3
6552   2
6553   0
6554   2
6555   111
6556   2
6557   3
6558   2
6559   0
6560   2
6561   49
6562   2
6563   3
6564   2
6565   43
6566   2
6567   0
6568   2
6569   3
6570   2
6571   7
6572   2
6573   0
6574   2
6575   3
6576   2
6577   87
6578   2
6579   9
6580   2
6581   3
6582   2
6583   15
6584   2
6585   25
6586   2
6587   3
6588   2
6589   63
6590   2
6591   7
6592   2
6593   3
6594   2
6595   777
6596   2
6597   13
6598   2
6599   3
6600   2
6601   0
6602   2
6603   415
6604   2
6605   3
6606   2
6607   69
6608   2
6609   9
6610   2
6611   3
6612   2
6613   7
6614   2
6615   21
6616   2
6617   3
6618   2
6619   289
6620   2
6621   0
6622   2
6623   3
6624   2
6625   0
6626   2
6627   33
6628   2
6629   3
6630   2
6631   0
6632   2
6633   7
6634   2
6635   3
6636   2
6637   781
6638   2
6639   159
6640   2
6641   3
6642   2
6643   9
6644   2
6645   15
6646   2
6647   3
6648   2
6649   13
6650   2
6651   31
6652   2
6653   3
6654   2
6655   7
6656   2
6657   73
6658   2
6659   3
6660   2
6661   0
6662   2
6663   0
6664   2
6665   3
6666   2
6667   0
6668   2
6669   0
6670   2
6671   3
6672   2
6673   9
6674   2
6675   7
6676   2
6677   3
6678   2
6679   0
6680   2
6681   37
6682   2
6683   3
6684   2
6685   51
6686   2
6687   0
6688   2
6689   3
6690   2
6691   787
6692   2
6693   0
6694   2
6695   3
6696   2
6697   7
6698   2
6699   13
6700   2
6701   3
6702   2
6703   25
6704   2
6705   9
6706   2
6707   3
6708   2
6709   21
6710   2
6711   15
6712   2
6713   3
6714   2
6715   0
6716   2
6717   7
6718   2
6719   3
6720   2
6721   421
6722   2
6723   0
6724   2
6725   3
6726   2
6727   67
6728   2
6729   189
6730   2
6731   3
6732   2
6733   0
6734   2
6735   9
6736   2
6737   3
6738   2
6739   7
6740   2
6741   0
6742   2
6743   3
6744   2
6745   0
6746   2
6747   0
6748   2
6749   3
6750   2
6751   13
6752   2
6753   0
6754   2
6755   3
6756   2
6757   0
6758   2
6759   7
6760   2
6761   3
6762   2
6763   0
6764   2
6765   0
6766   2
6767   3
6768   2
6769   9
6770   2
6771   141
6772   2
6773   3
6774   2
6775   15
6776   2
6777   127
6778   2
6779   3
6780   2
6781   7
6782   2
6783   0
6784   2
6785   3
6786   2
6787   0
6788   2
6789   0
6790   2
6791   3
6792   2
6793   33
6794   2
6795   31
6796   2
6797   3
6798   2
6799   9
6800   2
6801   7
6802   2
6803   3
6804   2
6805   13
6806   2
6807   21
6808   2
6809   3
6810   2
6811   43
6812   2
6813   231
6814   2
6815   3
6816   2
6817   297
6818   2
6819   801
6820   2
6821   3
6822   2
6823   7
6824   2
6825   25
6826   2
6827   3
6828   2
6829   427
6830   2
6831   9
6832   2
6833   3
6834   2
6835   105
6836   2
6837   15
6838   2
6839   3
6840   2
6841   0
6842   2
6843   7
6844   2
6845   3
6846   2
6847   49
6848   2
6849   0
6850   2
6851   3
6852   2
6853   13
6854   2
6855   163
6856   2
6857   3
6858   2
6859   115
6860   2
6861   9
6862   2
6863   3
6864   2
6865   7
6866   2
6867   0
6868   2
6869   3
6870   2
6871   0
6872   2
6873   805
6874   2
6875   3
6876   2
6877   37
6878   2
6879   429
6880   2
6881   3
6882   2
6883   0
6884   2
6885   7
6886   2
6887   3
6888   2
6889   79
6890   2
6891   0
6892   2
6893   3
6894   2
6895   9
6896   2
6897   21
6898   2
6899   3
6900   2
6901   15
6902   2
6903   13
6904   2
6905   3
6906   2
6907   7
6908   2
6909   0
6910   2
6911   3
6912   2
6913   193
6914   2
6915   0
6916   2
6917   3
6918   2
6919   75
6920   2
6921   0
6922   2
6923   3
6924   2
6925   9
6926   2
6927   7
6928   2
6929   3
6930   2
6931   0
6932   2
6933   0
6934   2
6935   3
6936   2
6937   0
6938   2
6939   129
6940   2
6941   3
6942   2
6943   25
6944   2
6945   63
6946   2
6947   3
6948   2
6949   7
6950   2
6951   0
6952   2
6953   3
6954   2
6955   13
6956   2
6957   9
6958   2
6959   3
6960   2
6961   31
6962   2
6963   433
6964   2
6965   3
6966   2
6967   15
6968   2
6969   7
6970   2
6971   3
6972   2
6973   235
6974   2
6975   33
6976   2
6977   3
6978   2
6979   51
6980   2
6981   0
6982   2
6983   3
6984   2
6985   0
6986   2
6987   9
6988   2
6989   3
6990   2
6991   7
6992   2
6993   303
6994   2
6995   3
6996   2
6997   21
6998   2
6999   0
7000   2
7001   3
7002   2
7003   0
7004   2
7005   13
7006   2
7007   3
7008   2
7009   0
7010   2
7011   7
7012   2
7013   3
7014   2
7015   195
7016   2
7017   99
7018   2
7019   3
7020   2
7021   9
7022   2
7023   69
7024   2
7025   3
7026   2
7027   819
7028   2
7029   15
7030   2
7031   3
7032   2
7033   7
7034   2
7035   0
7036   2
7037   3
7038   2
7039   43
7040   2
7041   0
7042   2
7043   3
7044   2
7045   0
7046   2
7047   0
7048   2
7049   3
7050   2
7051   9
7052   2
7053   7
7054   2
7055   3
7056   2
7057   237
7058   2
7059   13
7060   2
7061   3
7062   2
7063   823
7064   2
7065   25
7066   2
7067   3
7068   2
7069   0
7070   2
7071   37
7072   2
7073   3
7074   2
7075   7
7076   2
7077   0
7078   2
7079   3
7080   2
7081   0
7082   2
7083   9
7084   2
7085   3
7086   2
7087   0
7088   2
7089   21
7090   2
7091   3
7092   2
7093   15
7094   2
7095   7
7096   2
7097   3
7098   2
7099   73
7100   2
7101   0
7102   2
7103   3
7104   2
7105   307
7106   2
7107   13
7108   2
7109   3
7110   2
7111   0
7112   2
7113   9
7114   2
7115   3
7116   2
7117   7
7118   2
7119   31
7120   2
7121   3
7122   2
7123   49
7124   2
7125   67
7126   2
7127   3
7128   2
7129   0
7130   2
7131   93
7132   2
7133   3
7134   2
7135   0
7136   2
7137   7
7138   2
7139   3
7140   2
7141   33
7142   2
7143   831
7144   2
7145   3
7146   2
7147   9
7148   2
7149   87
7150   2
7151   3
7152   2
7153   0
7154   2
7155   15
7156   2
7157   3
7158   2
7159   7
7160   2
7161   13
7162   2
7163   3
7164   2
7165   169
7166   2
7167   0
7168   2
7169   3
7170   2
7171   0
7172   2
7173   0
7174   2
7175   3
7176   2
7177   9
7178   2
7179   7
7180   2
7181   3
7182   2
7183   0
7184   2
7185   25
7186   2
7187   3
7188   2
7189   21
7190   2
7191   0
7192   2
7193   3
7194   2
7195   0
7196   2
7197   0
7198   2
7199   3
7200   2
7201   7
7202   2
7203   241
7204   2
7205   3
7206   2
7207   0
7208   2
7209   9
7210   2
7211   3
7212   2
7213   13
7214   2
7215   0
7216   2
7217   3
7218   2
7219   133
7220   2
7221   7
7222   2
7223   3
7224   2
7225   15
7226   2
7227   841
7228   2
7229   3
7230   2
7231   0
7232   2
7233   0
7234   2
7235   3
7236   2
7237   0
7238   2
7239   9
7240   2
7241   3
7242   2
7243   7
7244   2
7245   0
7246   2
7247   3
7248   2
7249   0
7250   2
7251   201
7252   2
7253   3
7254   2
7255   51
7256   2
7257   171
7258   2
7259   3
7260   2
7261   13
7262   2
7263   7
7264   2
7265   3
7266   2
7267   31
7268   2
7269   37
7270   2
7271   3
7272   2
7273   9
7274   2
7275   43
7276   2
7277   3
7278   2
7279   0
7280   2
7281   21
7282   2
7283   3
7284   2
7285   7
7286   2
7287   15
7288   2
7289   3
7290   2
7291   451
7292   2
7293   0
7294   2
7295   3
7296   2
7297   111
7298   2
7299   0
7300   2
7301   3
7302   2
7303   9
7304   2
7305   7
7306   2
7307   3
7308   2
7309   25
7310   2
7311   0
7312   2
7313   3
7314   2
7315   13
7316   2
7317   33
7318   2
7319   3
7320   2
7321   0
7322   2
7323   151
7324   2
7325   3
7326   2
7327   7
7328   2
7329   63
7330   2
7331   3
7332   2
7333   0
7334   2
7335   9
7336   2
7337   3
7338   2
7339   0
7340   2
7341   0
7342   2
7343   3
7344   2
7345   0
7346   2
7347   7
7348   2
7349   3
7350   2
7351   15
7352   2
7353   855
7354   2
7355   3
7356   2
7357   0
7358   2
7359   0
7360   2
7361   3
7362   2
7363   13
7364   2
7365   9
7366   2
7367   3
7368   2
7369   7
7370   2
7371   0
7372   2
7373   3
7374   2
7375   135
7376   2
7377   0
7378   2
7379   3
7380   2
7381   21
7382   2
7383   75
7384   2
7385   3
7386   2
7387   49
7388   2
7389   7
7390   2
7391   3
7392   2
7393   79
7394   2
7395   0
7396   2
7397   3
7398   2
7399   9
7400   2
7401   0
7402   2
7403   3
7404   2
7405   0
7406   2
7407   319
7408   2
7409   3
7410   2
7411   7
7412   2
7413   15
7414   2
7415   3
7416   2
7417   13
7418   2
7419   0
7420   2
7421   3
7422   2
7423   31
7424   2
7425   25
7426   2
7427   3
7428   2
7429   9
7430   2
7431   7
7432   2
7433   3
7434   2
7435   0
7436   2
7437   0
7438   2
7439   3
7440   2
7441   69
7442   2
7443   0
7444   2
7445   3
7446   2
7447   0
7448   2
7449   205
7450   2
7451   3
7452   2
7453   7
7454   2
7455   867
7456   2
7457   3
7458   2
7459   0
7460   2
7461   9
7462   2
7463   3
7464   2
7465   37
7466   2
7467   13
7468   2
7469   3
7470   2
7471   0
7472   2
7473   7
7474   2
7475   3
7476   2
7477   21
7478   2
7479   15
7480   2
7481   3
7482   2
7483   321
7484   2
7485   33
7486   2
7487   3
7488   2
7489   0
7490   2
7491   9
7492   2
7493   3
7494   2
7495   7
7496   2
7497   463
7498   2
7499   3
7500   2
7501   0
7502   2
7503   0
7504   2
7505   3
7506   2
7507   0
7508   2
7509   43
7510   2
7511   3
7512   2
7513   67
7514   2
7515   7
7516   2
7517   3
7518   2
7519   13
7520   2
7521   873
7522   2
7523   3
7524   2
7525   9
7526   2
7527   105
7528   2
7529   3
7530   2
7531   0
7532   2
7533   0
7534   2
7535   3
7536   2
7537   7
7538   2
7539   73
7540   2
7541   3
7542   2
7543   15
7544   2
7545   25
7546   2
7547   3
7548   2
7549   0
7550   2
7551   0
7552   2
7553   3
7554   2
7555   9
7556   2
7557   7
7558   2
7559   3
7560   2
7561   51
7562   2
7563   0
7564   2
7565   3
7566   2
7567   0
7568   2
7569   13
7570   2
7571   3
7572   2
7573   21
7574   2
7575   0
7576   2
7577   3
7578   2
7579   7
7580   2
7581   31
7582   2
7583   3
7584   2
7585   0
7586   2
7587   9
7588   2
7589   3
7590   2
7591   0
7592   2
7593   0
7594   2
7595   3
7596   2
7597   883
7598   2
7599   7
7600   2
7601   3
7602   2
7603   0
7604   2
7605   15
7606   2
7607   3
7608   2
7609   0
7610   2
7611   885
7612   2
7613   3
7614   2
7615   327
7616   2
7617   9
7618   2
7619   3
7620   2
7621   7
7622   2
7623   13
7624   2
7625   3
7626   2
7627   115
7628   2
7629   0
7630   2
7631   3
7632   2
7633   0
7634   2
7635   127
7636   2
7637   3
7638   2
7639   0
7640   2
7641   7
7642   2
7643   3
7644   2
7645   0
7646   2
7647   33
7648   2
7649   3
7650   2
7651   9
7652   2
7653   99
7654   2
7655   3
7656   2
7657   49
7658   2
7659   25
7660   2
7661   3
7662   2
7663   7
7664   2
7665   21
7666   2
7667   3
7668   2
7669   15
7670   2
7671   13
7672   2
7673   3
7674   2
7675   37
7676   2
7677   0
7678   2
7679   3
7680   2
7681   9
7682   2
7683   7
7684   2
7685   3
7686   2
7687   0
7688   2
7689   0
7690   2
7691   3
7692   2
7693   475
7694   2
7695   63
7696   2
7697   3
7698   2
7699   87
7700   2
7701   0
7702   2
7703   3
7704   2
7705   7
7706   2
7707   211
7708   2
7709   3
7710   2
7711   0
7712   2
7713   9
7714   2
7715   3
7716   2
7717   0
7718   2
7719   93
7720   2
7721   3
7722   2
7723   13
7724   2
7725   7
7726   2
7727   3
7728   2
7729   895
7730   2
7731   31
7732   2
7733   3
7734   2
7735   15
7736   2
7737   0
7738   2
7739   3
7740   2
7741   477
7742   2
7743   9
7744   2
7745   3
7746   2
7747   7
7748   2
7749   43
7750   2
7751   3
7752   2
7753   331
7754   2
7755   0
7756   2
7757   3
7758   2
7759   897
7760   2
7761   21
7762   2
7763   3
7764   2
7765   159
7766   2
7767   7
7768   2
7769   3
7770   2
7771   141
7772   2
7773   13
7774   2
7775   3
7776   2
7777   9
7778   2
7779   0
7780   2
7781   3
7782   2
7783   259
7784   2
7785   25
7786   2
7787   3
7788   2
7789   7
7790   2
7791   0
7792   2
7793   3
7794   2
7795   0
7796   2
7797   15
7798   2
7799   3
7800   2
7801   0
7802   2
7803   0
7804   2
7805   3
7806   2
7807   9
7808   2
7809   7
7810   2
7811   3
7812   2
7813   0
7814   2
7815   903
7816   2
7817   3
7818   2
7819   129
7820   2
7821   33
7822   2
7823   3
7824   2
7825   13
7826   2
7827   0
7828   2
7829   3
7830   2
7831   7
7832   2
7833   0
7834   2
7835   3
7836   2
7837   0
7838   2
7839   9
7840   2
7841   3
7842   2
7843   75
7844   2
7845   51
7846   2
7847   3
7848   2
7849   69
7850   2
7851   7
7852   2
7853   3
7854   2
7855   0
7856   2
7857   21
7858   2
7859   3
7860   2
7861   15
7862   2
7863   37
7864   2
7865   3
7866   2
7867   483
7868   2
7869   9
7870   2
7871   3
7872   2
7873   7
7874   2
7875   261
7876   2
7877   3
7878   2
7879   13
7880   2
7881   0
7882   2
7883   3
7884   2
7885   0
7886   2
7887   31
7888   2
7889   3
7890   2
7891   79
7892   2
7893   7
7894   2
7895   3
7896   2
7897   0
7898   2
7899   0
7900   2
7901   3
7902   2
7903   9
7904   2
7905   25
7906   2
7907   3
7908   2
7909   0
7910   2
7911   67
7912   2
7913   3
7914   2
7915   7
7916   2
7917   0
7918   2
7919   3
7920   2
7921   0
7922   2
7923   15
7924   2
7925   3
7926   2
7927   13
7928   2
7929   0
7930   2
7931   3
7932   2
7933   9
7934   2
7935   7
7936   2
7937   3
7938   2
7939   0
7940   2
7941   49
7942   2
7943   3
7944   2
7945   487
7946   2
7947   0
7948   2
7949   3
7950   2
7951   0
7952   2
7953   21
7954   2
7955   3
7956   2
7957   7
7958   2
7959   339
7960   2
7961   3
7962   2
7963   0
7964   2
7965   9
7966   2
7967   3
7968   2
7969   0
7970   2
7971   0
7972   2
7973   3
7974   2
7975   43
7976   2
7977   7
7978   2
7979   3
7980   2
7981   13
7982   2
7983   489
7984   2
7985   3
7986   2
7987   73
7988   2
7989   15
7990   2
7991   3
7992   2
7993   33
7994   2
7995   9
7996   2
7997   3
7998   2
7999   7
8000   2
8001   0
8002   2
8003   3
8004   2
8005   0
8006   2
8007   0
8008   2
8009   3
8010   2
8011   163
8012   2
8013   0
8014   2
8015   3
8016   2
8017   925
8018   2
8019   7
8020   2
8021   3
8022   2
8023   25
8024   2
8025   219
8026   2
8027   3
8028   2
8029   9
8030   2
8031   13
8032   2
8033   3
8034   2
8035   111
8036   2
8037   0
8038   2
8039   3
8040   2
8041   7
8042   2
8043   31
8044   2
8045   3
8046   2
8047   0
8048   2
8049   21
8050   2
8051   3
8052   2
8053   15
8054   2
8055   927
8056   2
8057   3
8058   2
8059   9
8060   2
8061   7
8062   2
8063   3
8064   2
8065   63
8066   2
8067   37
8068   2
8069   3
8070   2
8071   0
8072   2
8073   0
8074   2
8075   3
8076   2
8077   267
8078   2
8079   13
8080   2
8081   3
8082   2
8083   7
8084   2
8085   0
8086   2
8087   3
8088   2
8089   0
8090   2
8091   9
8092   2
8093   3
8094   2
8095   189
8096   2
8097   931
8098   2
8099   3
8100   2
8101   495
8102   2
8103   7
8104   2
8105   3
8106   2
8107   0
8108   2
8109   0
8110   2
8111   3
8112   2
8113   933
8114   2
8115   15
8116   2
8117   3
8118   2
8119   133
8120   2
8121   9
8122   2
8123   3
8124   2
8125   7
8126   2
8127   0
8128   2
8129   3
8130   2
8131   0
8132   2
8133   13
8134   2
8135   3
8136   2
8137   51
8138   2
8139   0
8140   2
8141   3
8142   2
8143   25
8144   2
8145   7
8146   2
8147   3
8148   2
8149   21
8150   2
8151   0
8152   2
8153   3
8154   2
8155   9
8156   2
8157   937
8158   2
8159   3
8160   2
8161   0
8162   2
8163   33
8164   2
8165   3
8166   2
8167   7
8168   2
8169   0
8170   2
8171   3
8172   2
8173   0
8174   2
8175   0
8176   2
8177   3
8178   2
8179   15
8180   2
8181   13
8182   2
8183   3
8184   2
8185   9
8186   2
8187   7
8188   2
8189   3
8190   2
8191   0
8192   2
8193   0
8194   2
8195   3
8196   2
8197   223
8198   2
8199   31
8200   2
8201   3
8202   2
8203   105
8204   2
8205   349
8206   2
8207   3
8208   2
8209   7
8210   2
8211   49
8212   2
8213   3
8214   2
8215   43
8216   2
8217   9
8218   2
8219   3
8220   2
8221   0
8222   2
8223   0
8224   2
8225   3
8226   2
8227   0
8228   2
8229   7
8230   2
8231   3
8232   2
8233   0
8234   2
8235   13
8236   2
8237   3
8238   2
8239   87
8240   2
8241   21
8242   2
8243   3
8244   2
8245   15
8246   2
8247   9
8248   2
8249   3
8250   2
8251   7
8252   2
8253   0
8254   2
8255   3
8256   2
8257   0
8258   2
8259   37
8260   2
8261   3
8262   2
8263   0
8264   2
8265   25
8266   2
8267   3
8268   2
8269   0
8270   2
8271   7
8272   2
8273   3
8274   2
8275   69
8276   2
8277   273
8278   2
8279   3
8280   2
8281   9
8282   2
8283   0
8284   2
8285   3
8286   2
8287   13
8288   2
8289   0
8290   2
8291   3
8292   2
8293   7
8294   2
8295   193
8296   2
8297   3
8298   2
8299   0
8300   2
8301   99
8302   2
8303   3
8304   2
8305   67
8306   2
8307   15
8308   2
8309   3
8310   2
8311   9
8312   2
8313   7
8314   2
8315   3
8316   2
8317   135
8318   2
8319   75
8320   2
8321   3
8322   2
8323   93
8324   2
8325   0
8326   2
8327   3
8328   2
8329   33
8330   2
8331   0
8332   2
8333   3
8334   2
8335   7
8336   2
8337   13
8338   2
8339   3
8340   2
8341   21
8342   2
8343   9
8344   2
8345   3
8346   2
8347   0
8348   2
8349   957
8350   2
8351   3
8352   2
8353   31
8354   2
8355   7
8356   2
8357   3
8358   2
8359   0
8360   2
8361   169
8362   2
8363   3
8364   2
8365   0
8366   2
8367   0
8368   2
8369   3
8370   2
8371   15
8372   2
8373   9
8374   2
8375   3
8376   2
8377   7
8378   2
8379   0
8380   2
8381   3
8382   2
8383   79
8384   2
8385   25
8386   2
8387   3
8388   2
8389   13
8390   2
8391   151
8392   2
8393   3
8394   2
8395   511
8396   2
8397   7
8398   2
8399   3
8400   2
8401   961
8402   2
8403   115
8404   2
8405   3
8406   2
8407   9
8408   2
8409   0
8410   2
8411   3
8412   2
8413   0
8414   2
8415   63
8416   2
8417   3
8418   2
8419   7
8420   2
8421   0
8422   2
8423   3
8424   2
8425   51
8426   2
8427   73
8428   2
8429   3
8430   2
8431   21
8432   2
8433   15
8434   2
8435   3
8436   2
8437   9
8438   2
8439   7
8440   2
8441   3
8442   2
8443   13
8444   2
8445   0
8446   2
8447   3
8448   2
8449   0
8450   2
8451   43
8452   2
8453   3
8454   2
8455   37
8456   2
8457   357
8458   2
8459   3
8460   2
8461   7
8462   2
8463   195
8464   2
8465   3
8466   2
8467   0
8468   2
8469   9
8470   2
8471   3
8472   2
8473   0
8474   2
8475   0
8476   2
8477   3
8478   2
8479   0
8480   2
8481   7
8482   2
8483   3
8484   2
8485   49
8486   2
8487   0
8488   2
8489   3
8490   2
8491   13
8492   2
8493   0
8494   2
8495   3
8496   2
8497   33
8498   2
8499   9
8500   2
8501   3
8502   2
8503   7
8504   2
8505   15
8506   2
8507   3
8508   2
8509   25
8510   2
8511   31
8512   2
8513   3
8514   2
8515   0
8516   2
8517   517
8518   2
8519   3
8520   2
8521   127
8522   2
8523   7
8524   2
8525   3
8526   2
8527   171
8528   2
8529   21
8530   2
8531   3
8532   2
8533   9
8534   2
8535   0
8536   2
8537   3
8538   2
8539   0
8540   2
8541   13
8542   2
8543   3
8544   2
8545   7
8546   2
8547   975
8548   2
8549   3
8550   2
8551   0
8552   2
8553   0
8554   2
8555   3
8556   2
8557   519
8558   2
8559   361
8560   2
8561   3
8562   2
8563   9
8564   2
8565   7
8566   2
8567   3
8568   2
8569   15
8570   2
8571   231
8572   2
8573   3
8574   2
8575   0
8576   2
8577   0
8578   2
8579   3
8580   2
8581   979
8582   2
8583   0
8584   2
8585   3
8586   2
8587   7
8588   2
8589   0
8590   2
8591   3
8592   2
8593   13
8594   2
8595   9
8596   2
8597   3
8598   2
8599   981
8600   2
8601   0
8602   2
8603   3
8604   2
8605   0
8606   2
8607   7
8608   2
8609   3
8610   2
8611   0
8612   2
8613   283
8614   2
8615   3
8616   2
8617   0
8618   2
8619   25
8620   2
8621   3
8622   2
8623   21
8624   2
8625   9
8626   2
8627   3
8628   2
8629   7
8630   2
8631   15
8632   2
8633   3
8634   2
8635   0
8636   2
8637   0
8638   2
8639   3
8640   2
8641   0
8642   2
8643   13
8644   2
8645   3
8646   2
8647   0
8648   2
8649   7
8650   2
8651   3
8652   2
8653   37
8654   2
8655   0
8656   2
8657   3
8658   2
8659   9
8660   2
8661   0
8662   2
8663   3
8664   2
8665   31
8666   2
8667   991
8668   2
8669   3
8670   2
8671   7
8672   2
8673   0
8674   2
8675   3
8676   2
8677   33
8678   2
8679   69
8680   2
8681   3
8682   2
8683   0
8684   2
8685   43
8686   2
8687   3
8688   2
8689   9
8690   2
8691   7
8692   2
8693   3
8694   2
8695   15
8696   2
8697   13
8698   2
8699   3
8700   2
8701   129
8702   2
8703   993
8704   2
8705   3
8706   2
8707   67
8708   2
8709   285
8710   2
8711   3
8712   2
8713   7
8714   2
8715   367
8716   2
8717   3
8718   2
8719   0
8720   2
8721   9
8722   2
8723   3
8724   2
8725   21
8726   2
8727   51
8728   2
8729   3
8730   2
8731   235
8732   2
8733   7
8734   2
8735   3
8736   2
8737   201
8738   2
8739   141
8740   2
8741   3
8742   2
8743   25
8744   2
8745   13
8746   2
8747   3
8748   2
8749   529
8750   2
8751   9
8752   2
8753   3
8754   2
8755   7
8756   2
8757   0
8758   2
8759   3
8760   2
8761   15
8762   2
8763   111
8764   2
8765   3
8766   2
8767   49
8768   2
8769   0
8770   2
8771   3
8772   2
8773   0
8774   2
8775   7
8776   2
8777   3
8778   2
8779   997
8780   2
8781   75
8782   2
8783   3
8784   2
8785   9
8786   2
8787   0
8788   2
8789   3
8790   2
8791   63
8792   2
8793   0
8794   2
8795   3
8796   2
8797   7
8798   2
8799   13
8800   2
8801   3
8802   2
8803   87
8804   2
8805   0
8806   2
8807   3
8808   2
8809   0
8810   2
8811   31
8812   2
8813   3
8814   2
8815   9
8816   2
8817   7
8818   2
8819   3
8820   2
8821   21
8822   2
8823   15
8824   2
8825   3
8826   2
8827   0
8828   2
8829   0
8830   2
8831   3
8832   2
8833   0
8834   2
8835   0
8836   2
8837   3
8838   2
8839   7
8840   2
8841   0
8842   2
8843   3
8844   2
8845   33
8846   2
8847   9
8848   2
8849   3
8850   2
8851   13
8852   2
8853   37
8854   2
8855   3
8856   2
8857   237
8858   2
8859   7
8860   2
8861   3
8862   2
8863   535
8864   2
8865   25
8866   2
8867   3
8868   2
8869   0
8870   2
8871   0
8872   2
8873   3
8874   2
8875   289
8876   2
8877   9
8878   2
8879   3
8880   2
8881   7
8882   2
8883   73
8884   2
8885   3
8886   2
8887   15
8888   2
8889   79
8890   2
8891   3
8892   2
8893   159
8894   2
8895   0
8896   2
8897   3
8898   2
8899   13
8900   2
8901   7
8902   2
8903   3
8904   2
8905   1009
8906   2
8907   105
8908   2
8909   3
8910   2
8911   9
8912   2
8913   0
8914   2
8915   3
8916   2
8917   21
8918   2
8919   537
8920   2
8921   3
8922   2
8923   7
8924   2
8925   43
8926   2
8927   3
8928   2
8929   93
8930   2
8931   0
8932   2
8933   3
8934   2
8935   1011
8936   2
8937   0
8938   2
8939   3
8940   2
8941   9
8942   2
8943   7
8944   2
8945   3
8946   2
8947   0
8948   2
8949   15
8950   2
8951   3
8952   2
8953   13
8954   2
8955   0
8956   2
8957   3
8958   2
8959   99
8960   2
8961   0
8962   2
8963   3
8964   2
8965   7
8966   2
8967   205
8968   2
8969   3
8970   2
8971   31
8972   2
8973   9
8974   2
8975   3
8976   2
8977   0
8978   2
8979   0
8980   2
8981   3
8982   2
8983   25
8984   2
8985   7
8986   2
8987   3
8988   2
8989   0
8990   2
8991   541
8992   2
8993   3
8994   2
8995   0
8996   2
8997   0
8998   2
8999   3
9000   2
9001   13
9002   2
9003   9
9004   2
9005   3
9006   2
9007   7
9008   2
9009   0
9010   2
9011   3
9012   2
9013   21
9014   2
9015   15
9016   2
9017   3
9018   2
9019   51
9020   2
9021   33
9022   2
9023   3
9024   2
9025   1021
9026   2
9027   7
9028   2
9029   3
9030   2
9031   0
9032   2
9033   0
9034   2
9035   3
9036   2
9037   9
9038   2
9039   49
9040   2
9041   3
9042   2
9043   241
9044   2
9045   37
9046   2
9047   3
9048   2
9049   7
9050   2
9051   133
9052   2
9053   3
9054   2
9055   13
9056   2
9057   1023
9058   2
9059   3
9060   2
9061   0
9062   2
9063   0
9064   2
9065   3
9066   2
9067   9
9068   2
9069   7
9070   2
9071   3
9072   2
9073   0
9074   2
9075   0
9076   2
9077   3
9078   2
9079   15
9080   2
9081   0
9082   2
9083   3
9084   2
9085   0
9086   2
9087   1029
9088   2
9089   3
9090   2
9091   7
9092   2
9093   69
9094   2
9095   3
9096   2
9097   67
9098   2
9099   9
9100   2
9101   3
9102   2
9103   25
9104   2
9105   13
9106   2
9107   3
9108   2
9109   21
9110   2
9111   7
9112   2
9113   3
9114   2
9115   0
9116   2
9117   0
9118   2
9119   3
9120   2
9121   0
9122   2
9123   0
9124   2
9125   3
9126   2
9127   31
9128   2
9129   9
9130   2
9131   3
9132   2
9133   7
9134   2
9135   0
9136   2
9137   3
9138   2
9139   0
9140   2
9141   15
9142   2
9143   3
9144   2
9145   0
9146   2
9147   297
9148   2
9149   3
9150   2
9151   0
9152   2
9153   7
9154   2
9155   3
9156   2
9157   13
9158   2
9159   43
9160   2
9161   3
9162   2
9163   9
9164   2
9165   63
9166   2
9167   3
9168   2
9169   163
9170   2
9171   115
9172   2
9173   3
9174   2
9175   7
9176   2
9177   0
9178   2
9179   3
9180   2
9181   0
9182   2
9183   33
9184   2
9185   3
9186   2
9187   385
9188   2
9189   1039
9190   2
9191   3
9192   2
9193   9
9194   2
9195   7
9196   2
9197   3
9198   2
9199   553
9200   2
9201   21
9202   2
9203   3
9204   2
9205   15
9206   2
9207   13
9208   2
9209   3
9210   2
9211   0
9212   2
9213   0
9214   2
9215   3
9216   2
9217   7
9218   2
9219   1041
9220   2
9221   3
9222   2
9223   0
9224   2
9225   9
9226   2
9227   3
9228   2
9229   25
9230   2
9231   0
9232   2
9233   3
9234   2
9235   0
9236   2
9237   7
9238   2
9239   3
9240   2
9241   135
9242   2
9243   37
9244   2
9245   3
9246   2
9247   75
9248   2
9249   0
9250   2
9251   3
9252   2
9253   0
9254   2
9255   9
9256   2
9257   3
9258   2
9259   7
9260   2
9261   13
9262   2
9263   3
9264   2
9265   211
9266   2
9267   0
9268   2
9269   3
9270   2
9271   15
9272   2
9273   0
9274   2
9275   3
9276   2
9277   0
9278   2
9279   7
9280   2
9281   3
9282   2
9283   31
9284   2
9285   0
9286   2
9287   3
9288   2
9289   9
9290   2
9291   0
9292   2
9293   3
9294   2
9295   559
9296   2
9297   21
9298   2
9299   3
9300   2
9301   7
9302   2
9303   0
9304   2
9305   3
9306   2
9307   51
9308   2
9309   13
9310   2
9311   3
9312   2
9313   49
9314   2
9315   0
9316   2
9317   3
9318   2
9319   9
9320   2
9321   7
9322   2
9323   3
9324   2
9325   1053
9326   2
9327   73
9328   2
9329   3
9330   2
9331   0
9332   2
9333   15
9334   2
9335   3
9336   2
9337   391
9338   2
9339   0
9340   2
9341   3
9342   2
9343   7
9344   2
9345   25
9346   2
9347   3
9348   2
9349   0
9350   2
9351   9
9352   2
9353   3
9354   2
9355   87
9356   2
9357   33
9358   2
9359   3
9360   2
9361   13
9362   2
9363   7
9364   2
9365   3
9366   2
9367   127
9368   2
9369   303
9370   2
9371   3
9372   2
9373   0
9374   2
9375   79
9376   2
9377   3
9378   2
9379   1057
9380   2
9381   9
9382   2
9383   3
9384   2
9385   7
9386   2
9387   0
9388   2
9389   3
9390   2
9391   43
9392   2
9393   21
9394   2
9395   3
9396   2
9397   15
9398   2
9399   0
9400   2
9401   3
9402   2
9403   0
9404   2
9405   7
9406   2
9407   3
9408   2
9409   0
9410   2
9411   13
9412   2
9413   3
9414   2
9415   9
9416   2
9417   393
9418   2
9419   3
9420   2
9421   0
9422   2
9423   0
9424   2
9425   3
9426   2
9427   7
9428   2
9429   0
9430   2
9431   3
9432   2
9433   151
9434   2
9435   31
9436   2
9437   3
9438   2
9439   37
9440   2
9441   0
9442   2
9443   3
9444   2
9445   9
9446   2
9447   7
9448   2
9449   3
9450   2
9451   0
9452   2
9453   189
9454   2
9455   3
9456   2
9457   0
9458   2
9459   15
9460   2
9461   3
9462   2
9463   13
9464   2
9465   25
9466   2
9467   3
9468   2
9469   7
9470   2
9471   0
9472   2
9473   3
9474   2
9475   0
9476   2
9477   9
9478   2
9479   3
9480   2
9481   0
9482   2
9483   0
9484   2
9485   3
9486   2
9487   0
9488   2
9489   7
9490   2
9491   3
9492   2
9493   21
9494   2
9495   111
9496   2
9497   3
9498   2
9499   67
9500   2
9501   0
9502   2
9503   3
9504   2
9505   307
9506   2
9507   9
9508   2
9509   3
9510   2
9511   7
9512   2
9513   69
9514   2
9515   3
9516   2
9517   13
9518   2
9519   93
9520   2
9521   3
9522   2
9523   63
9524   2
9525   15
9526   2
9527   3
9528   2
9529   33
9530   2
9531   7
9532   2
9533   3
9534   2
9535   0
9536   2
9537   0
9538   2
9539   3
9540   2
9541   9
9542   2
9543   0
9544   2
9545   3
9546   2
9547   0
9548   2
9549   0
9550   2
9551   3
9552   2
9553   7
9554   2
9555   0
9556   2
9557   3
9558   2
9559   169
9560   2
9561   0
9562   2
9563   3
9564   2
9565   13
9566   2
9567   0
9568   2
9569   3
9570   2
9571   9
9572   2
9573   7
9574   2
9575   3
9576   2
9577   129
9578   2
9579   49
9580   2
9581   3
9582   2
9583   25
9584   2
9585   21
9586   2
9587   3
9588   2
9589   15
9590   2
9591   399
9592   2
9593   3
9594   2
9595   7
9596   2
9597   31
9598   2
9599   3
9600   2
9601   105
9602   2
9603   9
9604   2
9605   3
9606   2
9607   51
9608   2
9609   99
9610   2
9611   3
9612   2
9613   0
9614   2
9615   7
9616   2
9617   3
9618   2
9619   13
9620   2
9621   0
9622   2
9623   3
9624   2
9625   0
9626   2
9627   43
9628   2
9629   3
9630   2
9631   0
9632   2
9633   9
9634   2
9635   3
9636   2
9637   7
9638   2
9639   37
9640   2
9641   3
9642   2
9643   0
9644   2
9645   577
9646   2
9647   3
9648   2
9649   0
9650   2
9651   15
9652   2
9653   3
9654   2
9655   1087
9656   2
9657   7
9658   2
9659   3
9660   2
9661   0
9662   2
9663   0
9664   2
9665   3
9666   2
9667   9
9668   2
9669   13
9670   2
9671   3
9672   2
9673   219
9674   2
9675   0
9676   2
9677   3
9678   2
9679   7
9680   2
9681   579
9682   2
9683   3
9684   2
9685   21
9686   2
9687   0
9688   2
9689   3
9690   2
9691   0
9692   2
9693   33
9694   2
9695   3
9696   2
9697   9
9698   2
9699   7
9700   2
9701   3
9702   2
9703   0
9704   2
9705   25
9706   2
9707   3
9708   2
9709   1093
9710   2
9711   75
9712   2
9713   3
9714   2
9715   15
9716   2
9717   13
9718   2
9719   3
9720   2
9721   7
9722   2
9723   193
9724   2
9725   3
9726   2
9727   0
9728   2
9729   9
9730   2
9731   3
9732   2
9733   0
9734   2
9735   141
9736   2
9737   3
9738   2
9739   171
9740   2
9741   7
9742   2
9743   3
9744   2
9745   1095
9746   2
9747   31
9748   2
9749   3
9750   2
9751   0
9752   2
9753   0
9754   2
9755   3
9756   2
9757   259
9758   2
9759   9
9760   2
9761   3
9762   2
9763   7
9764   2
9765   73
9766   2
9767   3
9768   2
9769   583
9770   2
9771   13
9772   2
9773   3
9774   2
9775   0
9776   2
9777   21
9778   2
9779   3
9780   2
9781   15
9782   2
9783   7
9784   2
9785   3
9786   2
9787   0
9788   2
9789   0
9790   2
9791   3
9792   2
9793   9
9794   2
9795   0
9796   2
9797   3
9798   2
9799   1101
9800   2
9801   0
9802   2
9803   3
9804   2
9805   7
9806   2
9807   0
9808   2
9809   3
9810   2
9811   0
9812   2
9813   0
9814   2
9815   3
9816   2
9817   1105
9818   2
9819   13
9820   2
9821   3
9822   2
9823   9
9824   2
9825   7
9826   2
9827   3
9828   2
9829   25
9830   2
9831   409
9832   2
9833   3
9834   2
9835   37
9836   2
9837   0
9838   2
9839   3
9840   2
9841   0
9842   2
9843   15
9844   2
9845   3
9846   2
9847   7
9848   2
9849   195
9850   2
9851   3
9852   2
9853   261
9854   2
9855   9
9856   2
9857   3
9858   2
9859   49
9860   2
9861   43
9862   2
9863   3
9864   2
9865   33
9866   2
9867   7
9868   2
9869   3
9870   2
9871   79
9872   2
9873   13
9874   2
9875   3
9876   2
9877   21
9878   2
9879   1107
9880   2
9881   3
9882   2
9883   0
9884   2
9885   9
9886   2
9887   3
9888   2
9889   7
9890   2
9891   223
9892   2
9893   3
9894   2
9895   0
9896   2
9897   51
9898   2
9899   3
9900   2
9901   31
9902   2
9903   63
9904   2
9905   3
9906   2
9907   15
9908   2
9909   7
9910   2
9911   3
9912   2
9913   67
9914   2
9915   0
9916   2
9917   3
9918   2
9919   9
9920   2
9921   87
9922   2
9923   3
9924   2
9925   13
9926   2
9927   0
9928   2
9929   3
9930   2
9931   7
9932   2
9933   591
9934   2
9935   3
9936   2
9937   0
9938   2
9939   69
9940   2
9941   3
9942   2
9943   25
9944   2
9945   319
9946   2
9947   3
9948   2
9949   9
9950   2
9951   7
9952   2
9953   3
9954   2
9955   115
9956   2
9957   0
9958   2
9959   3
9960   2
9961   0
9962   2
9963   133
9964   2
9965   3
9966   2
9967   21
9968   2
9969   15
9970   2
9971   3
9972   2
9973   7
9974   2
9975   13
9976   2
9977   3
9978   2
9979   0
9980   2
9981   9
9982   2
9983   3
9984   2
9985   0
9986   2
9987   0
9988   2
9989   3
9990   2
9991   1117
9992   2
9993   7
9994   2
9995   3
9996   2
9997   0
9998   2
9999   0
10000   2
