14 5
44 0
74 5
126 20
155 40
205 24
236 25
265 31
315 31
344 36
376 24
424 12
456 -12
505 -5
535 -5
564 -16
615 -5
644 -12
675 -35
726 -36
755 -52
1005 -62
1034 -100
1065 -107
1115 -106
1146 -62
1175 -50
1225 -52
1254 -71
1306 -76
1335 -64
1364 -31
1416 -17
1445 -24
1476 -23
1526 -12
1554 -5
1604 5
1634 24
1664 20
1714 12
1746 17
1774 0
2026 -5
2055 12
2105 12
2134 24
2165 17
2215 23
2245 17
2276 24
2325 17
2355 25
2405 12
2436 5
2464 5
2515 0
2545 12
2575 5
2625 17
2656 12
2704 24
2734 12
2766 17
3015 24
3045 25
3074 31
3126 17
3155 40
3205 40
3234 30
3264 42
3314 51
3346 31
3375 12
3425 42
3454 42
3505 44
3534 57
3564 111
3615 106
3646 55
3674 45
3726 23
3754 30
4006 40
4034 62
4066 51
4115 50
4145 60
4174 32
4224 24
4254 45
4306 43
4336 43
4366 32
4414 64
4445 111
4476 47
4524 37
4556 36
4605 40
4635 50
4665 36
4715 36
4744 32
4774 42
5026 62
5056 120
5105 76
5134 76
5165 120
5215 116
5245 116
5276 104
5324 100
5356 106
5405 72
5436 113
5465 110
5516 76
5545 40
5575 32
5624 41
5655 41
5705 57
5735 110
5764 103
6016 113
6044 102
6074 102
6125 100
6154 67
6205 74
6235 107
6265 67
6316 104
6344 114
6374 131
6426 144
6455 152
6504 155
6536 163
6566 156
6615 150
6644 133
6676 141
6726 102
6755 53
7005 70
7035 114
7064 107
7115 75
7145 101
7175 102
7226 124
7255 113
7306 134
7336 147
7366 151
7414 163
7445 155
7474 140
7524 111
7554 102
7606 100
7636 106
7665 116
7715 116
7746 132
7776 115
10026 105
10054 77
10106 112
10134 101
10164 103
10214 106
10245 113
10276 131
10325 133
10356 107
10404 107
10435 123
10466 125
10516 146
10546 142
10576 147
10625 153
10655 160
10706 154
10734 137
10764 131
11014 111
11046 112
11074 156
11125 147
11154 161
11205 163
11235 164
11264 163
11316 145
11346 156
11376 164
11426 141
11455 146
11506 141
11536 161
11566 160
11616 171
11646 176
11676 165
11725 200
11755 144
12005 174
12036 202
12064 172
12115 147
12145 147
12174 147
12226 132
12256 154
12305 163
12336 153
12364 137
12415 131
12446 133
12474 130
12524 106
12554 106
12604 140
12635 117
12664 120
12714 74
12745 106
12775 130
13024 100
13055 100
13104 100
13136 74
13164 103
13215 120
13246 123
13276 132
13325 103
13354 107
13404 113
13435 120
13465 104
13515 123
13544 124
13576 137
13625 124
13654 110
13705 116
13734 144
13764 143
14015 152
14046 123
14075 106
14126 106
14155 120
14206 120
14236 113
14265 112
14315 76
14344 60
14374 46
14425 62
14455 57
14504 75
14534 67
14564 73
14616 104
14646 101
14676 73
14725 64
14756 52
15005 53
15036 55
15064 72
15114 100
15146 120
15175 125
15226 117
15255 101
15305 77
15336 110
15365 101
15416 65
15446 60
15474 47
15524 75
15555 105
15606 67
15636 61
15665 16
15716 0
15745 0
15775 5
16026 12
16054 20
16106 17
16134 16
16164 30
16214 24
16245 31
16276 43
16325 46
16355 64
16406 103
16436 61
16465 52
16515 60
16544 65
16576 60
16625 41
16655 47
16706 43
16736 32
16766 24
17015 31
17045 12
17075 5
17124 5
17154 5
17205 16
17236 12
17265 5
17316 12
17345 12
17375 -5
17426 -17
17455 -31
17504 -43
17536 -24
17566 -24
17616 -12
17646 0
17676 -17
17726 -5
17756 5
20006 5
20034 -5
20064 -20
20116 0
20145 24
20174 36
20225 16
20256 31
20304 -5
20335 -16
20366 0
20415 23
20444 36
20475 20
20525 31
20554 5
20606 5
20635 -5
20665 -17
20715 0
20746 24
20776 36
21026 16
21056 5
21105 5
21136 0
21165 5
21216 16
21245 40
21275 25
21325 24
21354 30
21406 31
21434 35
21464 25
21515 12
21546 -12
21576 -5
21626 -5
21655 -17
21706 -5
21734 -12
21764 -35
22016 -35
22046 -52
22074 -60
22125 -76
22154 -110
22204 -113
22236 -57
22266 -46
22314 -55
22346 -66
22374 -100
22426 -70
22456 -31
22506 -16
22535 -24
22565 -24
22614 -12
22645 -37
22674 5
22725 24
22755 20
23004 12
23036 17
23066 0
23114 -5
23145 12
23175 12
23225 25
23254 17
23306 24
23335 20
23364 24
23415 17
23444 23
23474 12
23525 5
23556 5
23604 0
23635 12
23665 5
23715 17
23744 12
23776 25
24025 12
24055 17
24106 23
24135 25
24164 30
24214 16
24246 36
24276 36
24324 31
24354 43
24405 46
24435 31
24464 12
24514 43
24545 43
24576 42
24624 55
24654 103
24705 105
24736 57
24764 43
25015 24
25044 31
25074 36
25125 62
25154 46
25205 52
25234 53
25264 31
25316 25
25346 44
25374 44
25424 42
25455 30
25505 64
25534 111
25564 52
25616 37
25644 40
25674 34
25724 46
25756 37
26005 37
26034 32
26065 42
26115 60
26144 117
26175 74
26224 101
26255 120
26306 115
26335 111
26364 104
26415 100
26444 104
26476 75
26526 107
26555 116
26606 104
26636 34
26666 32
26715 43
26746 43
26776 64
27025 112
27055 110
27104 120
27136 100
27166 107
27215 77
27245 67
27274 72
27324 102
27354 65
27406 104
27435 112
27465 125
27515 137
27545 146
27574 154
27624 154
27654 156
27705 142
27734 125
27765 144
30014 111
30045 54
30074 66
30125 113
30155 106
30205 77
30236 102
30265 102
30316 140
30345 115
30375 132
30425 163
30455 151
30506 170
30534 143
30565 137
30614 110
30646 103
30675 73
30726 115
30754 116
31005 116
31034 127
31066 116
31115 104
31145 76
31175 105
31225 103
31256 105
31305 106
31336 115
31365 123
31414 137
31444 111
31474 120
31524 121
31556 124
31605 150
31636 151
31665 162
31716 156
31744 175
31775 157
32024 144
32055 130
32105 102
32136 113
32165 151
32216 156
32246 162
32274 153
32324 162
32354 161
32405 132
32435 152
32464 157
32516 150
32544 145
32576 143
32624 160
32656 162
32704 164
32735 175
32765 161
33015 200
33045 143
33074 170
33125 175
33156 166
33205 156
33236 152
33265 154
33316 134
33345 160
33376 156
33424 150
33454 134
33506 130
33535 134
33565 137
33615 113
33646 112
33675 124
33724 121
33755 115
34005 74
34034 106
34064 131
34116 104
34144 100
34176 76
34225 74
34254 101
34306 114
34334 131
34364 133
34414 111
34444 103
34476 113
34524 112
34556 104
34605 121
34635 131
34666 135
34716 121
34746 106
34774 115
35024 144
35056 137
35104 145
35135 123
35164 106
35216 111
35246 107
35274 111
35325 122
35355 104
35406 102
35435 60
35466 46
35515 65
35545 62
35575 76
35625 67
35655 100
35704 106
35735 101
35766 72
36015 62
36045 52
36076 52
36125 57
36155 65
36204 75
36235 121
36265 120
36315 123
36346 103
36376 103
36426 116
36455 75
36505 72
36534 64
36565 51
36615 77
36645 106
36674 65
36726 61
36756 20
37005 0
37035 0
37064 5
37114 12
37145 20
37174 20
37226 17
37255 32
37305 24
37334 30
37364 45
37416 51
37444 67
37475 101
37526 64
37554 52
37606 55
37636 62
37666 65
37716 45
37744 50
37776 42
40024 31
40054 24
40104 30
40136 12
40165 5
40215 5
40244 5
40276 17
40326 12
40356 5
40405 12
40436 12
40466 -5
40514 -16
40544 -32
40576 -45
40625 -23
40654 -24
40705 -12
40736 0
40765 -20
41016 -5
41046 5
41074 5
41126 -5
41156 -16
41205 0
41236 23
41266 40
41314 17
41344 32
41375 -5
41426 -17
41455 0
41504 25
41535 40
41566 20
41614 32
41646 5
41676 5
41724 -5
41754 -17
42006 0
42035 24
42066 40
42116 17
42145 5
42176 5
42226 0
42254 5
42304 20
42335 36
42366 23
42415 23
42444 30
42475 32
42526 37
42556 25
42605 12
42634 -12
42666 -5
42716 -5
42744 -16
42775 -5
43026 -12
43055 -36
43106 -37
43135 -47
43164 -62
43214 -100
43245 -113
43274 -110
43326 -64
43354 -52
43406 -53
43436 -64
43464 -71
43516 -72
43546 -30
43575 -17
43624 -24
43654 -23
43705 -12
43736 -16
43764 5
44014 24
44045 17
44074 12
44125 17
44154 0
44204 -5
44235 12
44266 12
44316 24
44346 17
44376 23
44426 17
44455 24
44504 17
44536 25
44564 12
44614 5
44645 5
44674 0
44724 12
44756 5
45005 20
45034 12
45065 24
45114 12
45145 17
45175 24
45226 23
45256 31
45305 17
45334 36
45366 35
45415 31
45446 43
45474 52
45526 31
45555 12
45606 43
45634 43
45665 45
45716 52
45746 102
45775 102
46025 60
46054 45
46105 25
46135 31
46164 36
46214 60
46244 46
46275 50
46325 57
46356 31
46405 24
46434 41
46464 43
46516 43
46546 30
46576 64
46626 112
46654 50
46706 36
46736 34
46765 40
47016 50
47045 36
47076 35
47124 31
47154 42
47205 63
47235 120
47266 73
47314 101
47345 121
47376 115
47425 110
47455 104
47505 72
47535 107
47566 76
47616 106
47644 117
47675 100
47725 37
47754 30
50005 42
50036 43
50064 65
50115 106
50144 102
50174 107
50225 100
50256 102
50305 100
50336 64
50366 75
50416 106
50444 70
50474 101
50526 116
50555 120
50605 134
50635 152
50665 165
50714 154
50745 150
50775 137
51026 133
51056 144
51105 104
51134 60
51166 64
51216 114
51246 112
51274 71
51326 105
51356 111
51406 126
51434 114
51464 140
51515 156
51544 147
51574 164
51625 160
51654 133
51704 112
51735 75
51766 73
52014 113
52046 116
52074 115
52124 126
52154 106
52205 101
52235 101
52265 107
52314 102
52345 104
52374 112
52425 116
52456 120
52506 144
52535 117
52566 112
52615 120
52646 124
52676 136
52724 152
52755 153
53005 156
53034 160
53066 166
53115 135
53146 131
53174 106
53225 106
53254 161
53305 162
53336 163
53364 156
53416 161
53446 163
53474 134
53524 162
53555 147
53606 144
53636 156
53665 146
53715 156
53745 177
53775 164
54026 165
54055 156
54104 163
54135 147
54165 163
54216 176
54246 160
54275 157
54324 146
54356 143
54406 137
54434 157
54466 163
54515 156
54545 136
54575 130
54626 134
54655 140
54704 117
54736 104
54764 125
55015 113
55046 113
55074 74
55125 104
55154 121
55205 101
55236 70
55265 74
55316 74
55345 101
55376 124
55426 125
55456 135
55505 110
55535 107
55564 116
55615 113
55646 111
55675 116
55724 120
55756 134
56004 123
56035 106
56066 113
56116 136
56146 147
56174 150
56225 123
56254 103
56306 111
56336 112
56366 111
56414 120
56444 110
56475 75
56524 60
56554 52
56606 60
56636 57
56666 103
56715 65
56745 70
56774 112
57025 76
57056 100
57104 60
57134 55
57166 54
57214 60
57246 71
57275 102
57324 116
57354 123
57405 125
57435 75
57465 76
57515 113
57545 76
57576 72
57624 57
57656 50
57704 72
57734 103
57765 64
60014 64
60046 20
60075 0
60124 0
60154 5
60204 12
60234 20
60264 17
60314 16
60344 32
60375 24
60425 31
60455 42
60505 52
60534 67
60566 105
60616 63
60645 46
60675 57
60725 61
60756 62
61006 43
61035 52
61065 42
61114 31
61145 23
61175 31
61224 12
61255 5
61306 5
61336 5
61366 17
61416 12
61444 5
61475 12
61526 12
61556 -5
61604 -20
61634 -32
61666 -41
61714 -23
61746 -23
61774 -12
62025 0
62055 -17
62105 -5
62136 5
62165 5
62215 -5
62244 -17
62274 0
62326 25
62356 36
62405 20
62435 31
62466 -5
62514 -16
62546 0
62576 24
62625 34
62655 16
62706 30
62736 5
62765 5
63015 -5
63045 -17
63074 0
63124 24
63154 36
63205 20
63234 5
