30 11
210 0
330 11
1110 33
1230 133
2011 110
2131 103
2310 121
3031 120
3210 130
3331 110
10111 22
10230 -22
11011 -11
11130 -11
11311 -33
12031 -11
12210 -22
12331 -132
13111 -131
13230 -220
20011 -310
20130 -1003
20310 -1012
21030 -1023
21210 -233
21331 -221
22110 -300
22230 -320
23011 -321
23130 -313
23310 -122
30030 -100
30210 -110
30330 -103
31110 -22
31231 -11
32011 11
32130 110
32311 33
33031 22
33210 33
33330 0
100110 -11
100231 22
101011 22
101131 103
101310 100
102031 110
102211 33
102331 110
103110 32
103231 103
110011 22
110131 11
110310 11
111030 0
111211 22
111330 11
112111 32
112230 22
113010 111
113131 22
113311 33
120031 110
120211 110
120331 121
121111 32
121230 131
122010 200
122131 120
122310 203
123031 213
123210 121
123330 22
130110 202
130231 210
131010 211
131130 223
131311 1003
132030 1013
132211 232
132330 202
133111 110
133231 121
200011 200
200131 300
200310 213
201031 213
201211 230
201330 122
202111 110
202231 211
203011 203
203131 202
203310 120
210031 312
210210 1032
210330 212
211110 132
211231 133
212010 200
212130 220
212310 131
213031 200
213210 121
213331 201
220111 303
220231 1100
221011 330
221131 333
221310 1110
222031 1101
222210 1032
222330 1011
223110 330
223231 1010
230011 1000
230130 1032
230311 1020
231031 1010
231211 132
231330 122
232110 203
232230 202
233010 301
233131 1013
233310 1011
300031 1032
300211 1011
300330 1002
301111 1000
301231 322
302011 323
302131 1021
302311 322
303030 333
303210 1013
303331 1120
310110 1201
310231 1212
311011 1232
311130 1313
311311 1300
312031 1201
312211 1130
312330 1210
313111 1020
313230 223
320010 320
320130 1023
320311 1022
321031 321
321210 333
321330 1010
322111 1111
322231 1033
323011 1113
323130 1213
323310 1301
330030 1302
330210 1210
330330 1211
331111 1013
331231 1011
332010 332
332131 1023
332311 1022
333031 1100
333211 1112
333330 1021
1000110 1003
1000231 331
1001010 1012
1001130 1003
1001310 1003
1002031 1012
1002210 1033
1002331 1101
1003111 1123
1003230 1012
1010010 1031
1010130 1101
1010311 1103
1011031 1200
1011210 1222
1011330 1222
1012111 1221
1012231 1320
1013011 1300
1013131 1201
1013311 1101
1020030 1003
1020210 1021
1020330 1302
1021110 1302
1021231 1310
1022010 1221
1022130 1303
1022310 1312
1023030 1201
1023210 1303
1023331 1221
1030110 1200
1030231 1223
1031011 1200
1031130 1232
1031311 1333
1032031 1312
1032210 1320
1032330 1320
1033110 1311
1033230 1222
1100011 1310
1100131 1311
1100311 1301
1101030 1203
1101210 1132
1101331 1233
1102111 1111
1102230 1220
1103011 1233
1103130 1233
1103310 1210
1110031 1111
1110210 1132
1110331 1131
1111110 1100
1111231 1012
1112011 1133
1112130 1103
1112310 1031
1113031 323
1113211 1003
1113330 1113
1120110 333
1120230 331
1121011 1000
1121131 330
1121311 1002
1122031 1103
1122210 1113
1122330 1133
1123110 1003
1123230 1012
1130010 1100
1130130 1020
1130311 1013
1131030 1030
1131210 1122
1131330 1122
1132111 1110
1132231 1022
1133010 1022
1133130 1201
1133310 1213
1200031 1210
1200210 1120
1200330 1012
1201111 1012
1201231 1033
1202011 1030
1202130 1030
1202310 1021
1203030 1011
1203210 231
1203330 221
1210110 311
1210230 302
1211011 1001
1211130 312
1211310 321
1212031 1021
1212210 1010
1212331 331
1213110 310
1213231 232
1220010 222
1220131 231
1220310 311
1221031 1001
1221211 1032
1221331 1031
1222110 1110
1222231 331
1223010 1010
1223130 1031
1223310 1001
1230030 311
1230211 233
1230330 220
1231110 1000
1231231 1020
1232011 313
1232131 303
1232310 33
1233031 0
1233210 0
1233331 11
1300111 22
1300230 33
1301011 33
1301130 100
1301311 121
1302030 110
1302210 121
1302330 202
1303110 221
1303230 310
1310010 333
1310130 303
1310311 220
1311031 222
1311210 303
1311330 301
1312110 203
1312230 222
1313011 211
1313130 120
1313311 110
1320030 120
1320211 22
1320330 11
1321111 11
1321230 11
1322010 100
1322130 22
1322310 11
1323030 22
1323210 22
1323331 -11
1330111 -100
1330230 -121
1331011 -211
1331130 -110
1331310 -111
1332030 -22
1332211 0
1332330 -33
1333111 -11
1333231 11
2000011 11
2000130 -11
2000311 -33
2001030 0
2001211 110
2001331 132
2002111 100
2002231 122
2003011 -11
2003130 -33
2003310 0
2010031 110
2010211 132
2010331 32
2011111 122
2011231 11
2012011 11
2012130 -11
2012310 -33
2013030 0
2013210 111
2013330 131
2020110 33
2020230 11
2021010 11
2021130 0
2021310 11
2022031 32
2022211 130
2022330 110
2023110 110
2023231 121
2030011 122
2030130 132
2030311 110
2031031 22
2031210 -22
2031330 -11
2032111 -11
2032231 -33
2033011 -11
2033131 -22
2033310 -132
2100031 -131
2100210 -220
2100330 -301
2101110 -1010
2101230 -1023
2102010 -1030
2102130 -311
2102311 -212
2103030 -233
2103210 -322
2103331 -332
2110110 -313
2110231 -121
2111010 -33
2111130 -111
2111311 -110
2112030 -22
2112210 -130
2112331 11
2113110 110
2113230 33
2120011 22
2120130 32
2120310 0
2121030 -11
2121211 22
2121331 22
2122110 110
2122231 100
2123010 111
2123130 100
2123310 111
2130030 100
2130211 110
2130331 22
2131110 11
2131231 11
2132011 0
2132130 22
2132310 11
2133031 100
2133211 22
2133330 110
2200111 22
2200231 100
2201010 103
2201131 111
2201311 121
2202030 33
2202210 132
2202331 130
2203111 121
2203231 210
2210010 222
2210130 120
2210311 22
2211031 211
2211210 202
2211330 201
2212111 222
2212231 1012
2213011 1020
2213131 233
2213310 201
2220030 111
2220211 122
2220331 132
2221110 301
2221230 220
2222010 212
2222131 231
2222310 120
2223031 110
2223211 203
2223330 203
2230111 203
2230231 120
2231011 313
2231131 1023
2231310 213
2232030 132
2232210 133
2232331 130
2233111 221
2233230 200
2300010 133
2300131 121
2300310 203
2301030 302
2301211 1103
2301331 1000
2302111 1001
2302231 1031
2303011 1031
2303130 1030
2303310 1011
2310031 330
2310210 1020
2310331 1000
2311111 1100
2311230 1020
2312011 333
2312131 130
2312311 121
2313030 211
2313211 211
2313330 311
2320110 1021
2320231 1020
2321010 1030
2321130 1002
2321310 1010
2322031 330
2322211 311
2322330 322
2323110 1012
2323230 321
2330010 332
2330130 1022
2330311 1111
2331031 1203
2331210 1210
2331331 1221
2332111 1311
2332231 1230
2333010 1200
2333131 1123
2333310 1132
3000031 1010
3000211 231
3000331 310
3001111 1023
3001231 1010
3002011 323
3002131 1010
3002310 1003
3003030 1122
3003210 1102
3003330 1122
3010110 1301
3010231 1300
3011010 1301
3011131 1232
3011311 1203
3012031 1011
3012211 1001
3012331 322
3013110 1033
3013230 1021
3020011 1031
3020131 1113
3020310 1030
3021030 1003
3021211 333
3021330 1021
3022111 1002
3022231 1012
3023010 1011
3023130 1100
3023310 1110
3030031 1210
3030210 1023
3030331 1013
3031111 1032
3031230 1102
3032011 1203
3032130 1220
3032310 1232
3033030 1232
3033211 1321
3033331 1230
3100111 1133
3100230 1113
3101011 1021
3101131 1032
3101310 1311
3102031 1303
3102210 1300
3102330 1223
3103111 1300
3103230 1233
3110010 1133
3110131 1300
3110310 1222
3111031 1133
3111210 1221
3111330 1201
3112111 1321
3112231 1301
3113011 1232
3113130 1322
3113310 1322
3120030 1301
3120210 1210
3120330 1333
3121110 2001
3121231 1333
3122011 1212
3122131 1200
3122311 1230
3123031 1122
3123210 1222
3123331 1311
3130111 1300
3130230 1123
3131010 1122
3131131 1200
3131311 1130
3132031 1023
3132211 1010
3132330 1121
3133111 1023
3133231 1012
3200010 332
3200130 1012
3200311 1122
3201030 1001
3201211 330
3201331 333
3202110 321
3202230 1010
3203010 1100
3203131 1112
3203310 1112
3210030 1010
3210210 1021
3210330 1023
3211110 1013
3211231 1022
3212011 1032
3212131 1111
3212311 1122
3213031 1113
3213211 1012
3213330 1030
3220111 1202
3220230 1213
3221011 1210
3221130 1110
3221311 1003
3222031 1022
3222211 1020
3222330 1021
3223111 1030
3223231 1012
3230011 331
3230131 222
3230311 221
3231031 300
3231211 300
3231330 1000
3232110 321
3232230 330
3233010 1011
3233130 1003
3233311 1000
3300030 302
3300210 222
3300330 223
3301111 231
3301231 313
3302010 1002
3302130 1111
3302311 1031
3303031 1103
3303210 331
3303331 333
3310111 1100
3310230 1002
3311011 310
3311131 301
3311311 220
3312031 333
3312211 1021
3312330 320
3313111 310
3313230 33
3320010 0
3320130 0
3320310 11
3321031 22
3321211 33
3321330 100
3322110 33
3322230 121
3323010 111
3323131 122
3323310 203
3330031 212
3330210 312
3330330 1002
3331110 310
3331230 213
3332010 232
3332130 302
3332310 302
3333030 211
3333210 222
3333331 203
10000111 121
10000230 103
10001011 121
10001131 22
10001310 11
10002030 11
10002211 11
10002330 100
10003111 22
10003231 11
10010010 22
10010131 22
10010310 -11
10011030 -32
10011211 -120
10011331 -203
10012111 -103
10012230 -110
10013011 -22
10013131 0
10013310 -33
10020030 -11
10020211 11
10020330 11
10021111 -11
10021231 -33
10022011 0
10022130 110
10022311 132
10023030 32
10023211 121
10023330 -11
10030111 -100
10030230 0
10031011 110
10031131 131
10031311 33
10032031 121
10032211 11
10032330 11
10033111 -11
10033231 -33
10100010 0
10100131 110
10100311 131
10101030 32
10101210 11
10101331 11
10102110 0
10102231 11
10103010 32
10103130 130
10103311 110
10110030 110
10110211 121
10110330 120
10111111 200
10111231 103
10112011 22
10112130 -22
10112311 -11
10113031 -11
10113211 -33
10113331 -11
10120111 -22
10120230 -132
10121011 -131
10121130 -220
10121310 -301
10122030 -1010
10122210 -1023
10122331 -1013
10123111 -303
10123231 -213
10130011 -232
10130131 -311
10130311 -331
10131031 -313
10131210 -121
10131330 -100
10132110 -103
10132231 -111
10133011 -22
10133130 -33
10133310 11
10200030 110
10200210 33
10200330 22
10201111 100
10201230 0
10202011 -11
10202131 22
10202311 22
10203030 103
10203210 33
10203331 103
10210111 32
10210231 103
10211010 33
10211131 110
10211311 22
10212030 11
10212211 11
10212331 0
10213110 22
10213230 11
10220010 33
10220130 22
10220310 110
10221031 22
10221211 32
10221330 111
10222110 111
10222230 121
10223011 33
10223131 133
10223310 130
10230031 120
10230210 202
10230330 212
10231110 120
10231231 22
10232010 203
10232130 203
10232310 203
10233030 231
10233210 1013
10233330 1012
10300111 300
10300231 211
10301010 111
10301131 121
10301310 131
10302031 310
10302210 221
10302331 212
10303110 231
10303230 121
10310010 111
10310131 211
10310310 203
10311031 203
10311210 122
10311331 322
10312111 1033
10312230 220
10313011 130
10313130 130
10313310 133
10320030 220
10320210 200
10320330 200
10321110 121
10321231 203
10322011 300
10322131 1100
10322310 331
10323031 1001
10323211 1101
10323331 1111
10330111 1100
10330231 1010
10331011 333
10331130 1012
10331311 330
10332031 1020
10332211 1013
10332330 1000
10333110 133
10333231 121
11000011 203
11000131 211
11000310 233
11001031 1003
11001210 1002
11001330 1100
11002110 1001
11002231 1021
11003011 1000
11003130 312
11003311 321
11010030 1002
11010211 311
11010330 333
11011110 1031
11011230 1101
11012010 1133
11012130 1210
11012310 1230
11013030 1322
11013211 1233
11013330 1213
11020111 1120
11020230 1212
11021010 1011
11021131 230
11021311 321
11022031 1013
11022211 1003
11022330 323
11023111 1011
11023230 1013
11030010 1121
11030130 1100
11030311 1123
11031031 1223
11031211 1301
11031330 1310
11032110 1221
11032231 1201
11033011 1012
11033131 1010
11033311 330
11100031 1021
11100210 1023
11100330 1102
11101111 1100
11101230 1031
11102011 1002
11102130 1002
11102311 1020
11103030 333
11103211 1002
11103330 1013
11110110 1033
11110230 1112
11111011 1122
11111131 1100
11111311 1031
11112030 1110
11112211 1112
11112330 1201
11113110 1231
11113231 1231
11120011 1213
11120130 1312
11120311 1232
11121031 1200
11121211 1100
11121330 1013
11122111 1012
11122230 1300
11123010 1311
11123131 1303
11123310 1310
11130031 1231
11130210 1310
11130331 1130
11131110 1310
11131230 1232
11132010 1212
11132130 1230
11132310 1222
11133030 1322
11133211 1313
11133331 1231
11200111 1302
11200230 1313
11201010 1333
11201131 1201
11201310 1312
11202031 1311
11202210 2000
11202331 1221
11203111 1211
11203230 1300
11210010 1121
11210130 1233
11210310 1302
11211031 1303
11211210 1123
11211331 1130
11212111 1131
11212230 1110
11213011 1031
11213130 1013
11213310 1131
11220030 1102
11220211 1031
11220330 322
11221111 1011
11221230 1111
11222011 331
11222130 320
11222310 331
11223030 1000
11223211 1001
11223330 1102
11230111 1120
11230231 1113
11231010 1013
11231130 1020
11231310 1031
11232030 1023
11232211 1022
11232331 1100
11233110 1103
11233231 1132
11300010 1102
11300131 1010
11300311 1013
11301031 1212
11301210 1202
11301330 1220
11302111 1102
11302230 1022
11303011 1012
11303131 1031
11303310 1022
11310030 1032
11310211 1012
11310330 1002
11311110 233
11311230 222
11312010 311
11312131 233
11312311 1002
11313031 313
11313210 322
11313330 1022
11320110 1000
11320231 331
11321010 311
11321130 231
11321311 300
11322030 300
11322210 320
11322331 1002
11323111 1101
11323230 1033
11330010 1102
11330131 1010
11330310 333
11331031 1032
11331211 1000
11331330 322
11332111 302
11332230 220
11333010 323
11333131 1011
11333311 312
12000031 311
12000210 32
12000330 0
12001111 0
12001231 11
12002010 22
12002131 33
12002310 32
12003031 32
12003211 121
12003331 111
12010110 122
12010230 202
12011011 221
12011131 310
12011310 1010
12012031 303
12012211 222
12012330 231
12013111 303
12013230 302
12020011 210
12020130 222
12020311 211
12021030 120
12021211 110
12021330 121
12022110 22
12022230 11
12023010 11
12023131 11
12023311 100
12030031 22
12030210 11
12030331 22
12031110 22
12031230 -11
12032011 -33
12032131 -120
12032311 -203
12033030 -110
12033211 -111
12033330 -22
12100111 0
12100230 -32
12101011 -11
12101131 11
12101311 11
12102030 -11
12102211 -32
12102330 0
12103110 110
12103230 130
12110010 100
12110130 121
12110311 -11
12111031 -33
12111210 0
12111330 111
12112111 133
12112230 33
12113011 121
12113130 11
12113311 11
12120031 -11
12120210 -32
12120331 0
12121111 110
12121230 132
12122010 33
12122130 11
